ulwdc1_001 1 269.165 -29.0207 8.18 0.73 0.01 1.41 0.01
ulwdc1_002 2 269.959 -30.1918 8.09 0.49 0.01 0.95 0.01
ulwdc1_003 3 269.1 -29.0983 8.18 0.73 0.01 1.41 0.01
ulwdc1_004 4 268.036 -28.3744 8.25 1.35 0.07 2.60 0.14
ulwdc1_005 5 269.319 -29.0889 8.18 0.73 0.01 1.41 0.01
ulwdc1_006 6 267.649 -28.2978 8.29 1.64 0.15 3.15 0.30
ulwdc1_007 7 269.236 -29.0468 8.18 0.73 0.01 1.41 0.01
ulwdc1_008 8 269.017 -29.0827 8.20 0.66 0.01 1.27 0.01
ulwdc1_009 9 268.01 -29.5647 8.47 0.96 0.02 1.85 0.04
ulwdc1_010 10 269.241 -29.0339 8.18 0.73 0.01 1.41 0.01
ulwdc1_011 11 269.195 -29.0304 8.18 0.73 0.01 1.41 0.01
ulwdc1_012 12 268.221 -29.7307 8.57 0.71 0.01 1.36 0.01
ulwdc1_013 13 269.144 -29.0469 8.18 0.73 0.01 1.41 0.01
ulwdc1_014 14 268.028 -28.9286 8.21 1.10 0.01 2.11 0.02
ulwdc1_015 15 269.177 -29.0443 8.18 0.73 0.01 1.41 0.01
ulwdc1_016 16 269.222 -29.1256 8.18 0.73 0.01 1.41 0.01
ulwdc1_017 17 269.182 -29.158 8.18 0.73 0.01 1.41 0.01
ulwdc1_018 18 267.871 -29.6712 8.47 0.96 0.02 1.85 0.04
ulwdc1_019 19 269.224 -29.1194 8.18 0.73 0.01 1.41 0.01
ulwdc1_020 20 267.499 -28.3238 8.24 2.87 0.36 5.52 0.70
ulwdc1_021 21 269.177 -29.0038 8.18 0.73 0.01 1.41 0.01
ulwdc1_022 22 269.267 -29.1045 8.18 0.73 0.01 1.41 0.01
ulwdc1_023 23 269.133 -29.0201 8.18 0.73 0.01 1.41 0.01
ulwdc1_024 24 269.204 -29.0896 8.18 0.73 0.01 1.41 0.01
ulwdc1_025 25 267.348 -29.9601 8.53 1.62 0.04 3.11 0.07
ulwdc1_026 26 269.18 -29.0824 8.18 0.73 0.01 1.41 0.01
ulwdc1_027 27 267.31 -28.84 8.36 3.08 0.53 5.92 1.02
ulwdc1_028 28 267.271 -29.7317 8.57 2.20 0.20 4.23 0.38
ulwdc1_029 29 269.219 -29.1334 8.18 0.73 0.01 1.41 0.01
ulwdc1_030 30 269.211 -28.9846 8.18 0.73 0.01 1.41 0.01
ulwdc1_031 31 269.274 -29.2103 8.18 0.73 0.01 1.41 0.01
ulwdc1_032 32 269.216 -28.6232 8.26 0.67 0.01 1.30 0.01
ulwdc1_033 33 268.015 -28.7398 8.21 1.10 0.01 2.11 0.02
ulwdc1_034 34 269.349 -29.1416 8.18 0.73 0.01 1.41 0.01
ulwdc1_035 35 269.114 -29.0485 8.18 0.73 0.01 1.41 0.01
ulwdc1_036 36 269.356 -29.1217 8.18 0.73 0.01 1.41 0.01
ulwdc1_037 37 269.265 -29.1018 8.18 0.73 0.01 1.41 0.01
ulwdc1_038 38 269.212 -29.1864 8.18 0.73 0.01 1.41 0.01
ulwdc1_039 39 266.926 -28.8927 8.34 4.23 0.35 8.15 0.67
ulwdc1_040 40 267.715 -28.3235 8.29 1.64 0.15 3.15 0.30
ulwdc1_041 41 269.214 -29.0463 8.18 0.73 0.01 1.41 0.01
ulwdc1_042 42 269.308 -29.1403 8.18 0.73 0.01 1.41 0.01
ulwdc1_043 43 268.595 -29.2969 8.46 0.55 0.01 1.05 0.01
ulwdc1_044 44 269.086 -29.1811 8.18 0.73 0.01 1.41 0.01
ulwdc1_045 45 268.517 -29.0302 8.15 0.58 0.01 1.12 0.01
ulwdc1_046 46 269.054 -29.1685 8.18 0.73 0.01 1.41 0.01
ulwdc1_047 47 268.298 -30.0481 8.40 0.62 0.01 1.19 0.01
ulwdc1_048 48 269.153 -29.1466 8.18 0.73 0.01 1.41 0.01
ulwdc1_049 49 269.106 -29.1986 8.18 0.73 0.01 1.41 0.01
ulwdc1_050 50 267.518 -29.415 8.41 1.33 0.04 2.56 0.08
ulwdc1_051 51 269.251 -29.0236 8.18 0.73 0.01 1.41 0.01
ulwdc1_052 52 266.857 -29.3049 8.50 4.24 0.16 8.16 0.32
ulwdc1_053 53 267.455 -28.6039 8.39 2.32 0.24 4.47 0.47
ulwdc1_054 54 268.573 -30.0901 8.26 0.49 0.01 0.94 0.01
ulwdc1_055 55 269.247 -29.203 8.18 0.73 0.01 1.41 0.01
ulwdc1_056 56 269.126 -29.0922 8.18 0.73 0.01 1.41 0.01
ulwdc1_057 57 269.225 -29.1922 8.18 0.73 0.01 1.41 0.01
ulwdc1_058 58 268.953 -30.1044 8.39 0.59 0.01 1.14 0.01
ulwdc1_059 59 269.298 -29.1441 8.18 0.73 0.01 1.41 0.01
ulwdc1_060 60 269.171 -29.1323 8.18 0.73 0.01 1.41 0.01
ulwdc1_061 61 269.238 -29.024 8.18 0.73 0.01 1.41 0.01
ulwdc1_062 62 267.162 -29.8747 8.57 2.20 0.20 4.23 0.38
ulwdc1_063 63 268.331 -28.2755 8.19 0.95 0.02 1.84 0.04
ulwdc1_064 64 269.33 -29.122 8.18 0.73 0.01 1.41 0.01
ulwdc1_065 65 268.498 -29.5648 8.31 0.54 0.01 1.03 0.01
ulwdc1_066 66 268.439 -28.5657 8.12 0.76 0.01 1.47 0.01
ulwdc1_067 67 268.029 -28.5993 8.25 1.35 0.07 2.60 0.14
ulwdc1_068 68 267.248 -29.671 8.41 2.02 0.20 3.89 0.38
ulwdc1_069 69 267.572 -27.9674 8.29 2.75 0.33 5.29 0.63
ulwdc1_070 70 268.599 -30.2031 8.31 0.65 0.01 1.24 0.01
ulwdc1_071 71 268.595 -28.7459 8.13 0.71 0.01 1.37 0.01
ulwdc1_072 72 268.911 -30.2932 8.51 0.97 0.06 1.86 0.12
ulwdc1_073 73 268.355 -29.7221 8.32 0.54 0.01 1.03 0.01
ulwdc1_074 74 267.517 -28.5332 8.39 2.32 0.24 4.47 0.47
ulwdc1_075 75 269.27 -29.0423 8.18 0.73 0.01 1.41 0.01
ulwdc1_076 76 268.998 -29.5732 8.26 0.55 0.01 1.05 0.01
ulwdc1_077 77 269.193 -29.0461 8.18 0.73 0.01 1.41 0.01
ulwdc1_078 78 267.209 -28.933 8.42 2.80 0.24 5.39 0.46
ulwdc1_079 79 269.293 -29.1748 8.18 0.73 0.01 1.41 0.01
ulwdc1_080 80 268.723 -29.8612 8.20 0.49 0.01 0.94 0.01
ulwdc1_081 81 267.832 -28.9135 8.33 1.94 0.26 3.73 0.49
ulwdc1_082 82 269.221 -29.0858 8.18 0.73 0.01 1.41 0.01
ulwdc1_083 83 269.137 -29.1533 8.18 0.73 0.01 1.41 0.01
ulwdc1_084 84 269.218 -29.1272 8.18 0.73 0.01 1.41 0.01
ulwdc1_085 85 267.791 -29.0375 8.22 1.26 0.09 2.43 0.18
ulwdc1_086 86 269.305 -29.1818 8.18 0.73 0.01 1.41 0.01
ulwdc1_087 87 269.047 -29.829 8.29 0.59 0.01 1.14 0.01
ulwdc1_088 88 269.103 -29.0983 8.18 0.73 0.01 1.41 0.01
ulwdc1_089 89 269.255 -29.1233 8.18 0.73 0.01 1.41 0.01
ulwdc1_090 90 269.108 -29.1001 8.18 0.73 0.01 1.41 0.01
ulwdc1_091 91 269.137 -29.0018 8.18 0.73 0.01 1.41 0.01
ulwdc1_092 92 268.3 -30.0625 8.40 0.62 0.01 1.19 0.01
ulwdc1_093 93 269.243 -29.1696 8.18 0.73 0.01 1.41 0.01
ulwdc1_094 94 267.949 -29.5866 8.47 0.96 0.02 1.85 0.04
ulwdc1_095 95 267.437 -28.4966 8.21 3.15 0.40 6.06 0.77
ulwdc1_096 96 269.155 -29.1791 8.18 0.73 0.01 1.41 0.01
ulwdc1_097 97 269.29 -29.1512 8.18 0.73 0.01 1.41 0.01
ulwdc1_098 98 269.254 -29.261 8.18 0.73 0.01 1.41 0.01
ulwdc1_099 99 268.237 -29.6879 8.57 0.71 0.01 1.36 0.01
ulwdc1_100 100 266.781 -29.1063 8.32 4.23 0.37 8.14 0.71
ulwdc1_101 101 269.234 -29.1287 8.18 0.73 0.01 1.41 0.01
ulwdc1_102 102 269.365 -29.0795 8.18 0.73 0.01 1.41 0.01
ulwdc1_103 103 269.228 -28.5338 8.26 0.67 0.01 1.30 0.01
ulwdc1_104 104 269.14 -29.0643 8.18 0.73 0.01 1.41 0.01
ulwdc1_105 105 269.303 -29.1944 8.18 0.73 0.01 1.41 0.01
ulwdc1_106 106 269.193 -29.0673 8.18 0.73 0.01 1.41 0.01
ulwdc1_107 107 268.622 -29.1484 8.15 0.58 0.01 1.12 0.01
ulwdc1_108 108 269.207 -29.1626 8.18 0.73 0.01 1.41 0.01
ulwdc1_109 109 269.357 -29.0507 8.18 0.73 0.01 1.41 0.01
ulwdc1_110 110 269.371 -29.0751 8.18 0.73 0.01 1.41 0.01
ulwdc1_111 111 266.718 -28.9189 8.49 5.30 0.29 10.19 0.56
ulwdc1_112 112 269.335 -29.1257 8.18 0.73 0.01 1.41 0.01
ulwdc1_113 113 269.316 -29.1902 8.18 0.73 0.01 1.41 0.01
ulwdc1_114 114 269.33 -29.1296 8.18 0.73 0.01 1.41 0.01
ulwdc1_115 115 268.066 -28.8221 8.21 1.10 0.01 2.11 0.02
ulwdc1_116 116 269.217 -29.2195 8.18 0.73 0.01 1.41 0.01
ulwdc1_117 117 269.053 -29.1642 8.18 0.73 0.01 1.41 0.01
ulwdc1_118 118 267.735 -30.1666 8.49 0.86 0.01 1.66 0.01
ulwdc1_119 119 268.616 -29.1552 8.15 0.58 0.01 1.12 0.01
ulwdc1_120 120 268.519 -29.1313 8.15 0.58 0.01 1.12 0.01
ulwdc1_121 121 269.322 -29.0679 8.18 0.73 0.01 1.41 0.01
ulwdc1_122 122 269.139 -29.0535 8.18 0.73 0.01 1.41 0.01
ulwdc1_123 123 269.114 -29.0206 8.18 0.73 0.01 1.41 0.01
ulwdc1_124 124 268.496 -29.6138 8.31 0.54 0.01 1.03 0.01
ulwdc1_125 125 269.163 -29.2074 8.18 0.73 0.01 1.41 0.01
ulwdc1_126 126 269.189 -29.0148 8.18 0.73 0.01 1.41 0.01
ulwdc1_127 127 267.941 -28.8926 8.21 1.10 0.01 2.11 0.02
ulwdc1_128 128 267.595 -28.982 8.33 1.94 0.26 3.73 0.49
ulwdc1_129 129 269.2 -29.0509 8.18 0.73 0.01 1.41 0.01
ulwdc1_130 130 269.193 -29.055 8.18 0.73 0.01 1.41 0.01
ulwdc1_131 131 268.173 -30.176 8.40 0.62 0.01 1.19 0.01
ulwdc1_132 132 269.309 -29.2051 8.18 0.73 0.01 1.41 0.01
ulwdc1_133 133 267.355 -29.6599 8.39 1.27 0.03 2.44 0.07
ulwdc1_134 134 269.336 -29.0745 8.18 0.73 0.01 1.41 0.01
ulwdc1_135 135 269.15 -29.1174 8.18 0.73 0.01 1.41 0.01
ulwdc1_136 136 267.342 -29.1108 8.42 2.80 0.24 5.39 0.46
ulwdc1_137 137 269.178 -29.0337 8.18 0.73 0.01 1.41 0.01
ulwdc1_138 138 269.164 -29.216 8.18 0.73 0.01 1.41 0.01
ulwdc1_139 139 268.065 -28.797 8.21 1.10 0.01 2.11 0.02
ulwdc1_140 140 269.345 -29.0779 8.18 0.73 0.01 1.41 0.01
ulwdc1_141 141 269.151 -29.0674 8.18 0.73 0.01 1.41 0.01
ulwdc1_142 142 267.875 -30.1969 8.49 0.86 0.01 1.66 0.01
ulwdc1_143 143 269.168 -28.9975 8.18 0.73 0.01 1.41 0.01
ulwdc1_144 144 268.659 -29.4501 8.46 0.55 0.01 1.05 0.01
ulwdc1_145 145 269.208 -29.1798 8.18 0.73 0.01 1.41 0.01
ulwdc1_146 146 269.629 -30.5811 8.39 0.66 0.01 1.27 0.01
ulwdc1_147 147 269.429 -29.6073 8.33 0.47 0.01 0.90 0.01
ulwdc1_148 148 269.308 -29.1415 8.18 0.73 0.01 1.41 0.01
ulwdc1_149 149 267.584 -28.969 8.33 1.94 0.26 3.73 0.49
ulwdc1_150 150 269.087 -29.0628 8.18 0.73 0.01 1.41 0.01
ulwdc1_151 151 269.267 -29.0998 8.18 0.73 0.01 1.41 0.01
ulwdc1_152 152 267.673 -29.845 8.38 1.10 0.02 2.11 0.04
ulwdc1_153 153 268.541 -29.0841 8.15 0.58 0.01 1.12 0.01
ulwdc1_154 154 269.259 -29.1905 8.18 0.73 0.01 1.41 0.01
ulwdc1_155 155 269.201 -29.1522 8.18 0.73 0.01 1.41 0.01
ulwdc1_156 156 267.101 -28.6905 8.49 4.17 0.18 8.03 0.34
ulwdc1_157 157 269.185 -29.0784 8.18 0.73 0.01 1.41 0.01
ulwdc1_158 158 269.298 -29.1176 8.18 0.73 0.01 1.41 0.01
ulwdc1_159 159 269.057 -29.1683 8.18 0.73 0.01 1.41 0.01
ulwdc1_160 160 266.67 -29.6768 8.28 3.19 0.32 6.14 0.61
ulwdc1_161 161 269.241 -29.081 8.18 0.73 0.01 1.41 0.01
ulwdc1_162 162 269.36 -29.1273 8.18 0.73 0.01 1.41 0.01
ulwdc1_163 163 268.62 -28.1646 8.01 1.07 0.01 2.06 0.03
ulwdc1_164 164 269.08 -29.1925 8.18 0.73 0.01 1.41 0.01
ulwdc1_165 165 269.125 -29.167 8.18 0.73 0.01 1.41 0.01
ulwdc1_166 166 268.987 -30.1759 8.39 0.59 0.01 1.14 0.01
ulwdc1_167 167 269.318 -29.1281 8.18 0.73 0.01 1.41 0.01
ulwdc1_168 168 269.097 -29.1316 8.18 0.73 0.01 1.41 0.01
ulwdc1_169 169 268.899 -30.5172 8.29 0.78 0.01 1.50 0.02
ulwdc1_170 170 269.168 -29.0858 8.18 0.73 0.01 1.41 0.01
ulwdc1_171 171 269.517 -29.7771 8.31 0.62 0.01 1.19 0.01
ulwdc1_172 172 266.961 -29.7336 8.57 2.20 0.20 4.23 0.38
ulwdc1_173 173 269.281 -29.0094 8.18 0.73 0.01 1.41 0.01
ulwdc1_174 174 267.835 -29.9115 8.38 1.10 0.02 2.11 0.04
ulwdc1_175 175 268.976 -28.9197 8.20 0.66 0.01 1.27 0.01
ulwdc1_176 176 269.299 -29.0606 8.18 0.73 0.01 1.41 0.01
ulwdc1_177 177 269.13 -29.0383 8.18 0.73 0.01 1.41 0.01
ulwdc1_178 178 269.193 -29.2369 8.18 0.73 0.01 1.41 0.01
ulwdc1_179 179 269.324 -29.0663 8.18 0.73 0.01 1.41 0.01
ulwdc1_180 180 269.104 -29.0796 8.18 0.73 0.01 1.41 0.01
ulwdc1_181 181 267.556 -28.3462 8.24 2.87 0.36 5.52 0.70
ulwdc1_182 182 267.57 -29.2938 8.33 1.95 0.23 3.75 0.45
ulwdc1_183 183 269.08 -29.0883 8.18 0.73 0.01 1.41 0.01
ulwdc1_184 184 267.702 -28.7549 8.07 1.52 0.07 2.93 0.14
ulwdc1_185 185 270.036 -29.472 8.30 0.53 0.01 1.01 0.01
ulwdc1_186 186 268.069 -29.3419 8.40 0.96 0.03 1.84 0.05
ulwdc1_187 187 269.338 -29.102 8.18 0.73 0.01 1.41 0.01
ulwdc1_188 188 269.153 -28.9782 8.18 0.73 0.01 1.41 0.01
ulwdc1_189 189 269.189 -29.2238 8.18 0.73 0.01 1.41 0.01
ulwdc1_190 190 267.202 -28.7763 8.49 4.17 0.18 8.03 0.34
ulwdc1_191 191 269.321 -30.4313 8.28 0.66 0.01 1.26 0.01
ulwdc1_192 192 269.158 -29.0652 8.18 0.73 0.01 1.41 0.01
ulwdc1_193 193 267.021 -29.1577 8.37 2.79 0.25 5.37 0.49
ulwdc1_194 194 267.657 -27.937 8.29 2.75 0.33 5.29 0.63
ulwdc1_195 195 269.285 -29.0568 8.18 0.73 0.01 1.41 0.01
ulwdc1_196 196 269.189 -29.1166 8.18 0.73 0.01 1.41 0.01
ulwdc1_197 197 269.217 -28.9847 8.18 0.73 0.01 1.41 0.01
ulwdc1_198 198 269.07 -28.9152 8.20 0.66 0.01 1.27 0.01
ulwdc1_199 199 268.187 -28.0895 8.15 1.34 0.11 2.57 0.20
ulwdc1_200 200 269.098 -29.082 8.18 0.73 0.01 1.41 0.01
ulwdc1_201 201 269.146 -29.0122 8.18 0.73 0.01 1.41 0.01
ulwdc1_202 202 269.173 -29.0493 8.18 0.73 0.01 1.41 0.01
ulwdc1_203 203 269.353 -29.0467 8.18 0.73 0.01 1.41 0.01
ulwdc1_204 204 268.167 -29.8166 8.57 0.71 0.01 1.36 0.01
ulwdc1_205 205 269.202 -29.0249 8.18 0.73 0.01 1.41 0.01
ulwdc1_206 206 269.268 -29.0909 8.18 0.73 0.01 1.41 0.01
ulwdc1_207 207 268.913 -29.8839 8.29 0.59 0.01 1.14 0.01
ulwdc1_208 208 267.728 -28.4217 8.29 1.64 0.15 3.15 0.30
ulwdc1_209 209 269.26 -29.042 8.18 0.73 0.01 1.41 0.01
ulwdc1_210 210 269.159 -29.0049 8.18 0.73 0.01 1.41 0.01
ulwdc1_211 211 269.344 -29.1627 8.18 0.73 0.01 1.41 0.01
ulwdc1_212 212 269.155 -29.2126 8.18 0.73 0.01 1.41 0.01
ulwdc1_213 213 268.095 -29.0235 8.22 1.26 0.09 2.43 0.18
ulwdc1_214 214 268.921 -29.1823 8.15 0.64 0.01 1.23 0.01
ulwdc1_215 215 269.102 -29.1348 8.18 0.73 0.01 1.41 0.01
ulwdc1_216 216 269.06 -29.1284 8.18 0.73 0.01 1.41 0.01
ulwdc1_217 217 267.804 -29.3975 8.47 1.33 0.05 2.57 0.09
ulwdc1_218 218 269.156 -28.6218 8.26 0.67 0.01 1.30 0.01
ulwdc1_219 219 269.214 -29.0544 8.18 0.73 0.01 1.41 0.01
ulwdc1_220 220 269.199 -28.9998 8.18 0.73 0.01 1.41 0.01
ulwdc1_221 221 269.063 -29.1797 8.18 0.73 0.01 1.41 0.01
ulwdc1_222 222 269.287 -29.1358 8.18 0.73 0.01 1.41 0.01
ulwdc1_223 223 267.777 -28.2752 8.29 1.64 0.15 3.15 0.30
ulwdc1_224 224 269.229 -29.0908 8.18 0.73 0.01 1.41 0.01
ulwdc1_225 225 269.161 -29.0524 8.18 0.73 0.01 1.41 0.01
ulwdc1_226 226 268.892 -28.723 7.97 0.69 0.01 1.33 0.01
ulwdc1_227 227 267.964 -27.8132 8.23 1.86 0.21 3.58 0.40
ulwdc1_228 228 268.239 -29.737 8.57 0.71 0.01 1.36 0.01
ulwdc1_229 229 269.326 -29.1896 8.18 0.73 0.01 1.41 0.01
ulwdc1_230 230 269.255 -29.0732 8.18 0.73 0.01 1.41 0.01
ulwdc1_231 231 267.479 -28.3554 8.24 2.87 0.36 5.52 0.70
ulwdc1_232 232 269.311 -29.0533 8.18 0.73 0.01 1.41 0.01
ulwdc1_233 233 269.102 -29.1637 8.18 0.73 0.01 1.41 0.01
ulwdc1_234 234 268.496 -28.897 8.14 0.81 0.02 1.55 0.04
ulwdc1_235 235 269.207 -28.8317 8.14 0.71 0.01 1.36 0.01
ulwdc1_236 236 269.304 -29.0418 8.18 0.73 0.01 1.41 0.01
ulwdc1_237 237 269.221 -29.1452 8.18 0.73 0.01 1.41 0.01
ulwdc1_238 238 269.268 -29.0048 8.18 0.73 0.01 1.41 0.01
ulwdc1_239 239 269.106 -29.1537 8.18 0.73 0.01 1.41 0.01
ulwdc1_240 240 269.291 -29.0955 8.18 0.73 0.01 1.41 0.01
ulwdc1_241 241 269.251 -29.0235 8.18 0.73 0.01 1.41 0.01
ulwdc1_242 242 269.27 -29.0293 8.18 0.73 0.01 1.41 0.01
ulwdc1_243 243 269.024 -29.1523 8.18 0.73 0.01 1.41 0.01
ulwdc1_244 244 269.257 -29.0981 8.18 0.73 0.01 1.41 0.01
ulwdc1_245 245 266.847 -29.1131 8.32 4.23 0.37 8.14 0.71
ulwdc1_246 246 269.005 -30.0089 8.29 0.59 0.01 1.14 0.01
ulwdc1_247 247 269.251 -29.083 8.18 0.73 0.01 1.41 0.01
ulwdc1_248 248 268.986 -30.2712 8.22 0.57 0.01 1.11 0.01
ulwdc1_249 249 268.635 -30.498 8.46 0.80 0.04 1.54 0.07
ulwdc1_250 250 267.264 -29.3244 8.33 1.95 0.23 3.75 0.45
ulwdc1_251 251 269.123 -29.2117 8.18 0.73 0.01 1.41 0.01
ulwdc1_252 252 267.932 -29.8849 8.40 0.84 0.01 1.62 0.01
ulwdc1_253 253 268.259 -28.529 8.17 1.07 0.02 2.05 0.04
ulwdc1_254 254 269.201 -29.1598 8.18 0.73 0.01 1.41 0.01
ulwdc1_255 255 269.162 -29.0373 8.18 0.73 0.01 1.41 0.01
ulwdc1_256 256 269.083 -29.0698 8.18 0.73 0.01 1.41 0.01
ulwdc1_257 257 269.268 -29.2041 8.18 0.73 0.01 1.41 0.01
ulwdc1_258 258 267.503 -29.8238 8.39 1.27 0.03 2.44 0.07
ulwdc1_259 259 269.234 -30.148 8.22 0.57 0.01 1.11 0.01
ulwdc1_260 260 268.462 -29.3342 8.38 0.69 0.01 1.32 0.02
ulwdc1_261 261 269.101 -29.0739 8.18 0.73 0.01 1.41 0.01
ulwdc1_262 262 269.146 -29.1861 8.18 0.73 0.01 1.41 0.01
ulwdc1_263 263 269.311 -29.0513 8.18 0.73 0.01 1.41 0.01
ulwdc1_264 264 269.358 -29.1296 8.18 0.73 0.01 1.41 0.01
ulwdc1_265 265 269.151 -29.1899 8.18 0.73 0.01 1.41 0.01
ulwdc1_266 266 269.166 -28.9878 8.18 0.73 0.01 1.41 0.01
ulwdc1_267 267 268.693 -29.4019 8.46 0.55 0.01 1.05 0.01
ulwdc1_268 268 269.107 -29.0281 8.18 0.73 0.01 1.41 0.01
ulwdc1_269 269 268.236 -28.9205 8.14 0.81 0.02 1.55 0.04
ulwdc1_270 270 268.782 -30.1466 8.39 0.59 0.01 1.14 0.01
ulwdc1_271 271 269.257 -29.1295 8.18 0.73 0.01 1.41 0.01
ulwdc1_272 272 269.254 -29.0224 8.18 0.73 0.01 1.41 0.01
ulwdc1_273 273 267.267 -28.0669 8.34 4.51 0.54 8.69 1.03
ulwdc1_274 274 269.235 -29.2595 8.18 0.73 0.01 1.41 0.01
ulwdc1_275 275 269.111 -29.1068 8.18 0.73 0.01 1.41 0.01
ulwdc1_276 276 269.115 -29.1194 8.18 0.73 0.01 1.41 0.01
ulwdc1_277 277 269.376 -29.082 8.18 0.73 0.01 1.41 0.01
ulwdc1_278 278 269.357 -28.9664 7.94 0.57 0.01 1.10 0.01
ulwdc1_279 279 267.847 -29.3891 8.47 1.33 0.05 2.57 0.09
ulwdc1_280 280 267.393 -29.9178 8.53 1.62 0.04 3.11 0.07
ulwdc1_281 281 267.976 -29.6375 8.47 0.96 0.02 1.85 0.04
ulwdc1_282 282 267.786 -29.4453 8.41 1.33 0.04 2.56 0.08
ulwdc1_283 283 268.476 -30.5381 8.46 0.80 0.04 1.54 0.07
ulwdc1_284 284 268.184 -29.8141 8.57 0.71 0.01 1.36 0.01
ulwdc1_285 285 269.253 -29.0459 8.18 0.73 0.01 1.41 0.01
ulwdc1_286 286 269.189 -29.1682 8.18 0.73 0.01 1.41 0.01
ulwdc1_287 287 270.396 -29.5583 8.07 0.53 0.01 1.02 0.01
ulwdc1_288 288 269.147 -29.1462 8.18 0.73 0.01 1.41 0.01
ulwdc1_289 289 267.813 -28.6965 8.07 1.52 0.07 2.93 0.14
ulwdc1_290 290 269.149 -28.9819 8.18 0.73 0.01 1.41 0.01
ulwdc1_291 291 267.999 -29.7203 8.57 0.71 0.01 1.36 0.01
ulwdc1_292 292 269.151 -29.1433 8.18 0.73 0.01 1.41 0.01
ulwdc1_293 293 269.266 -29.1463 8.18 0.73 0.01 1.41 0.01
