2458346.727899 0.817549 -0.562726 -0.245772 0.817549 -0.614054 -0.00165141
2458347.220966 0.82253 -0.55643 -0.243031 0.82253 -0.607187 -0.00164188
2458347.714033 0.827453 -0.550095 -0.240274 0.827453 -0.600278 -0.00163184
2458348.217627 0.832423 -0.543587 -0.23744 0.832423 -0.593179 -0.00162107
2458348.710694 0.83723 -0.537176 -0.234649 0.83723 -0.586187 -0.00161003
2458349.203761 0.841979 -0.530728 -0.231841 0.841979 -0.579155 -0.00159848
2458349.707355 0.84677 -0.524106 -0.228956 0.84677 -0.571931 -0.00158619
2458350.200422 0.851401 -0.517585 -0.226115 0.851401 -0.564818 -0.00157365
2458350.693489 0.855972 -0.511028 -0.223259 0.855972 -0.557666 -0.00156063
2458351.197082 0.86058 -0.504295 -0.220325 0.86058 -0.550322 -0.00154684
2458351.690150 0.865032 -0.497668 -0.217436 0.865032 -0.543093 -0.00153286
2458352.183217 0.869423 -0.491007 -0.214532 0.869423 -0.535826 -0.0015184
2458352.686810 0.873845 -0.484168 -0.211551 0.873845 -0.528366 -0.00150315
2458353.179877 0.878114 -0.477439 -0.208617 0.878114 -0.521025 -0.00148776
2458353.672944 0.882322 -0.470677 -0.205668 0.882322 -0.513647 -0.0014719
2458354.176538 0.886556 -0.463737 -0.202641 0.886556 -0.506076 -0.00145524
2458354.669605 0.890639 -0.45691 -0.199662 0.890639 -0.498628 -0.00143848
2458355.162672 0.894661 -0.450051 -0.19667 0.894661 -0.491145 -0.00142127
2458355.666266 0.898703 -0.443014 -0.1936 0.898703 -0.483467 -0.00140324
2458356.159333 0.902599 -0.436094 -0.190579 0.902599 -0.475916 -0.00138516
2458356.652400 0.906431 -0.429143 -0.187546 0.906431 -0.468332 -0.00136665
2458357.155994 0.91028 -0.422013 -0.184434 0.91028 -0.460553 -0.0013473
2458357.649061 0.913984 -0.415003 -0.181373 0.913984 -0.452904 -0.00132795
2458358.142128 0.917624 -0.407965 -0.1783 0.917624 -0.445224 -0.00130818
2458358.645721 0.921277 -0.400747 -0.175148 0.921277 -0.437348 -0.00128758
2458359.138788 0.924787 -0.393652 -0.17205 0.924787 -0.429606 -0.00126701
2458359.631856 0.928234 -0.38653 -0.168939 0.928234 -0.421835 -0.00124605
2458360.135449 0.931687 -0.379229 -0.16575 0.931687 -0.413867 -0.00122425
2458360.628516 0.935002 -0.372054 -0.162616 0.935002 -0.406038 -0.00120252
2458361.121583 0.938251 -0.364853 -0.15947 0.938251 -0.39818 -0.00118042
2458361.625177 0.941503 -0.357473 -0.156245 0.941503 -0.390125 -0.00115747
2458362.118244 0.94462 -0.350222 -0.153076 0.94462 -0.382212 -0.00113465
2458362.611311 0.94767 -0.342947 -0.149897 0.94767 -0.374273 -0.00111147
2458363.114905 0.950718 -0.335492 -0.146639 0.950718 -0.366137 -0.00108745
2458363.607972 0.953634 -0.32817 -0.143438 0.953634 -0.358146 -0.00106359
2458364.101039 0.956484 -0.320825 -0.140227 0.956484 -0.35013 -0.0010394
2458364.604632 0.959325 -0.3133 -0.136938 0.959325 -0.341918 -0.00101437
2458365.097700 0.96204 -0.305911 -0.133707 0.96204 -0.333854 -0.000989548
2458365.590767 0.964686 -0.298501 -0.130467 0.964686 -0.325767 -0.000964419
2458366.094360 0.96732 -0.290912 -0.127149 0.96732 -0.317483 -0.000938448
2458366.587427 0.969829 -0.283461 -0.12389 0.969829 -0.309351 -0.000912728
2458367.080494 0.972271 -0.275991 -0.120623 0.972271 -0.301198 -0.000886727
2458367.584088 0.974694 -0.268341 -0.117277 0.974694 -0.292849 -0.00085989
2458368.077155 0.976998 -0.260833 -0.113993 0.976998 -0.284654 -0.000833346
2458368.570222 0.979233 -0.253307 -0.110701 0.979233 -0.276439 -0.000806545
2458369.073816 0.981444 -0.245602 -0.10733 0.981444 -0.268029 -0.000778917
2458369.566883 0.98354 -0.238041 -0.104023 0.98354 -0.259777 -0.000751623
2458370.059950 0.985566 -0.230464 -0.100708 0.985566 -0.251506 -0.000724099
2458370.563544 0.987564 -0.222709 -0.0973146 0.987564 -0.243041 -0.000695757
2458371.056611 0.98945 -0.215101 -0.0939854 0.98945 -0.234736 -0.00066779
2458371.549678 0.991267 -0.207478 -0.0906497 0.991267 -0.226415 -0.000639619
2458372.053271 0.99305 -0.199677 -0.0872361 0.99305 -0.217901 -0.000610643
2458372.546338 0.994725 -0.192026 -0.0838877 0.994725 -0.209549 -0.000582082
2458373.039406 0.99633 -0.184361 -0.0805334 0.99633 -0.201182 -0.000553343
2458373.542999 0.997897 -0.17652 -0.0771017 0.997897 -0.192623 -0.000523814
2458374.036066 0.99936 -0.168831 -0.0737363 0.99936 -0.18423 -0.000494739
2458374.529133 1.00075 -0.16113 -0.0703657 1.00075 -0.175824 -0.000465512
2458375.032727 1.0021 -0.153253 -0.0669181 1.0021 -0.167226 -0.000435513
2458375.525794 1.00335 -0.145531 -0.0635378 1.00335 -0.158796 -0.000406005
2458376.018861 1.00453 -0.137799 -0.0601532 1.00453 -0.150355 -0.000376372
2458376.522455 1.00566 -0.129891 -0.0566919 1.00566 -0.141724 -0.000345987
2458377.015522 1.00669 -0.122141 -0.0532991 1.00669 -0.133263 -0.00031613
2458377.508589 1.00766 -0.114382 -0.0499025 1.00766 -0.124793 -0.000286174
2458378.012182 1.00857 -0.106449 -0.0464299 1.00857 -0.116134 -0.000255489
2458378.505250 1.00939 -0.0986756 -0.0430267 1.00939 -0.107648 -0.000225365
2458378.998317 1.01014 -0.0908951 -0.0396205 1.01014 -0.0991548 -0.000195171
2458379.501910 1.01083 -0.0829423 -0.0361389 1.01083 -0.0904733 -0.00016427
2458379.994977 1.01143 -0.0751501 -0.0327276 1.01143 -0.0819672 -0.000133964
2458380.488044 1.01196 -0.0673531 -0.029314 1.01196 -0.0734557 -0.000103617
2458380.991638 1.01243 -0.059385 -0.0258257 1.01243 -0.0647575 -7.25879e-05
2458381.484705 1.01282 -0.0515796 -0.0224085 1.01282 -0.0562369 -4.21848e-05
2458381.977772 1.01313 -0.043771 -0.0189898 1.01313 -0.0477128 -1.17683e-05
2458382.481366 1.01338 -0.0357928 -0.015497 1.01338 -0.0390036 1.93017e-05
2458382.974433 1.01355 -0.0279792 -0.0120763 1.01355 -0.030474 4.97166e-05
2458383.467500 1.01364 -0.0201639 -0.00865481 1.01364 -0.0219427 8.01168e-05
2458383.971094 1.01367 -0.0121808 -0.00515987 1.01367 -0.0132281 0.000111141
2458384.464161 1.01362 -0.00436396 -0.0017378 1.01362 -0.00469511 0.000141482
2458384.957228 1.0135 0.0034528 0.0016842 1.0135 0.00383782 0.000171781
2458385.460821 1.0133 0.0114358 0.00517892 1.0133 0.0125522 0.000202672
2458385.953888 1.01303 0.0192508 0.00860002 1.01303 0.0210831 0.000232855
2458386.446956 1.01269 0.027064 0.0120203 1.01269 0.0296121 0.000262967
2458386.950549 1.01227 0.0350417 0.0155125 1.01227 0.0383206 0.000293639
2458387.443616 1.01179 0.0428497 0.0189303 1.01179 0.0468439 0.00032358
2458387.936683 1.01123 0.0506544 0.0223466 1.01123 0.0553635 0.000353421
2458388.440277 1.01059 0.0586216 0.0258339 1.01059 0.0640604 0.000383787
2458388.933344 1.00989 0.0664177 0.0292462 1.00989 0.0725705 0.0004134
2458389.426411 1.00911 0.0742087 0.0326561 1.00911 0.081075 0.000442887
2458389.930005 1.00824 0.0821603 0.0361362 1.00824 0.0897547 0.000472863
2458390.423072 1.00732 0.0899394 0.0395407 1.00732 0.0982461 0.000502067
2458390.916139 1.00633 0.0977117 0.0429421 1.00633 0.10673 0.000531116
2458391.419732 1.00524 0.105642 0.0464126 1.00524 0.115387 0.000560618
2458391.912800 1.0041 0.113399 0.049807 1.0041 0.123854 0.000589329
2458392.405867 1.00289 0.121148 0.0531975 1.00289 0.132312 0.00061786
2458392.909460 1.00158 0.129053 0.0566562 1.00158 0.14094 0.000646804
2458393.402527 1.00023 0.136783 0.0600381 1.00023 0.149377 0.000674943
2458393.895594 0.998799 0.144502 0.0634155 0.998799 0.157804 0.000702876
2458394.399188 0.997267 0.152376 0.06686 0.997267 0.166398 0.000731182
2458394.892255 0.995695 0.160074 0.0702273 0.995695 0.1748 0.00075867
2458395.385322 0.994052 0.16776 0.0735893 0.994052 0.183189 0.000785925
2458395.888916 0.992299 0.175597 0.0770172 0.992299 0.191743 0.000813513
2458396.381983 0.990511 0.183257 0.0803676 0.990511 0.200104 0.000840273
2458396.875050 0.988652 0.190904 0.0837119 0.988652 0.20845 0.000866775
2458397.378644 0.98668 0.1987 0.087121 0.98668 0.216959 0.000893568
2458397.871711 0.984678 0.206318 0.0904522 0.984678 0.225273 0.000919524
2458398.364778 0.982604 0.213922 0.0937765 0.982604 0.233571 0.000945198
2458398.868371 0.980413 0.221671 0.0971645 0.980413 0.242029 0.000971121
2458399.361438 0.978197 0.229242 0.100474 0.978197 0.250292 0.000996201
2458399.854506 0.97591 0.236796 0.103776 0.97591 0.258536 0.00102098
2458400.358099 0.973501 0.244494 0.107141 0.973501 0.266937 0.00104596
2458400.851166 0.971072 0.252012 0.110427 0.971072 0.275142 0.00107009
2458401.344233 0.968573 0.259513 0.113705 0.968573 0.283328 0.00109389
2458401.847827 0.965948 0.267154 0.117044 0.965948 0.291666 0.00111786
2458402.340894 0.963308 0.274615 0.120304 0.963308 0.299809 0.00114098
2458402.833961 0.960598 0.282057 0.123555 0.960598 0.307929 0.00116375
2458403.337555 0.957758 0.289636 0.126866 0.957758 0.3162 0.00118663
2458403.830622 0.954908 0.297035 0.130098 0.954908 0.324274 0.00120867
2458404.323689 0.951989 0.304413 0.13332 0.951989 0.332325 0.00123034
2458404.827282 0.948936 0.311925 0.136601 0.948936 0.340522 0.00125208
2458405.320350 0.945878 0.319258 0.139803 0.945878 0.348523 0.00127298
2458405.813417 0.942751 0.326567 0.142994 0.942751 0.356499 0.00129349
2458406.317010 0.939487 0.334007 0.146242 0.939487 0.364617 0.00131402
2458406.810077 0.936222 0.341268 0.149411 0.936222 0.372539 0.00133372
2458407.303144 0.932889 0.348503 0.152569 0.932889 0.380434 0.00135301
2458407.806738 0.929415 0.355867 0.155783 0.929415 0.388468 0.00137228
2458408.299805 0.925946 0.36305 0.158917 0.925946 0.396306 0.00139073
2458408.792872 0.922409 0.370208 0.16204 0.922409 0.404115 0.00140874
2458409.296466 0.918728 0.37749 0.165217 0.918728 0.412059 0.0014267
2458409.789533 0.915056 0.384592 0.168315 0.915056 0.419808 0.00144383
2458410.282600 0.911318 0.391666 0.1714 0.911318 0.427525 0.00146052
2458410.786194 0.907431 0.398861 0.174537 0.907431 0.435375 0.00147711
2458411.279261 0.903559 0.405877 0.177596 0.903559 0.443029 0.00149289
2458411.772328 0.899621 0.412863 0.180642 0.899621 0.45065 0.00150821
2458412.275921 0.895531 0.419967 0.183738 0.895531 0.458399 0.00152338
2458412.768988 0.891461 0.426892 0.186756 0.891461 0.465953 0.00153776
2458413.262056 0.887326 0.433786 0.18976 0.887326 0.473473 0.00155167
2458413.765649 0.883035 0.440794 0.192813 0.883035 0.481117 0.00156538
2458414.258716 0.87877 0.447623 0.195788 0.87877 0.488566 0.00157832
2458414.751783 0.87444 0.454419 0.198748 0.87444 0.495979 0.00159077
2458415.255377 0.869952 0.461326 0.201756 0.869952 0.503512 0.00160299
2458415.748444 0.865493 0.468055 0.204686 0.865493 0.510851 0.00161445
2458416.241511 0.860971 0.474749 0.207601 0.860971 0.518153 0.00162541
2458416.745105 0.856287 0.481551 0.210561 0.856287 0.525571 0.0016361
2458417.238172 0.851639 0.488175 0.213444 0.851639 0.532795 0.00164605
2458417.731239 0.846927 0.494763 0.21631 0.846927 0.539979 0.0016555
2458418.234832 0.842052 0.501454 0.219221 0.842052 0.547277 0.00166462
2458526.481367 -0.792878 0.555714 0.239125 -0.792878 0.604976 -0.00165711
2458526.984960 -0.798294 0.549298 0.236357 -0.798294 0.597989 -0.00164453
2458527.478027 -0.803536 0.542975 0.23363 -0.803536 0.591102 -0.00163172
2458527.971094 -0.808718 0.53661 0.230885 -0.808718 0.584171 -0.00161842
2458528.474688 -0.813949 0.530068 0.228064 -0.813949 0.577047 -0.00160433
2458528.967755 -0.819009 0.523623 0.225285 -0.819009 0.570028 -0.00159005
2458529.460822 -0.824007 0.517138 0.22249 -0.824007 0.562966 -0.00157529
2458529.964416 -0.829049 0.510475 0.219618 -0.829049 0.55571 -0.00155973
2458530.457483 -0.833923 0.503911 0.216789 -0.833923 0.548564 -0.00154401
2458530.950550 -0.838734 0.49731 0.213945 -0.838734 0.541376 -0.00152784
2458531.454144 -0.843584 0.49053 0.211024 -0.843584 0.533993 -0.00151084
2458531.947211 -0.848268 0.483854 0.208148 -0.848268 0.526724 -0.00149374
2458532.440278 -0.85289 0.477141 0.205257 -0.85289 0.519415 -0.00147619
2458532.943871 -0.857544 0.470248 0.202288 -0.857544 0.51191 -0.00145781
2458533.436938 -0.862037 0.463463 0.199367 -0.862037 0.504523 -0.00143937
2458533.930006 -0.866465 0.456644 0.196431 -0.866465 0.497098 -0.00142049
2458534.433599 -0.870921 0.449643 0.193417 -0.870921 0.489476 -0.00140077
2458534.926666 -0.875219 0.442755 0.190452 -0.875219 0.481977 -0.00138104
2458535.419733 -0.879451 0.435833 0.187473 -0.879451 0.474441 -0.00136089
2458535.923327 -0.883707 0.428729 0.184416 -0.883707 0.466708 -0.00133989
2458536.416394 -0.887807 0.421742 0.18141 -0.887807 0.459101 -0.00131892
2458536.909461 -0.89184 0.414722 0.17839 -0.89184 0.45146 -0.00129756
2458537.413055 -0.895892 0.407521 0.175292 -0.895892 0.44362 -0.00127533
2458537.906122 -0.899792 0.400439 0.172246 -0.899792 0.435911 -0.00125319
2458538.399189 -0.903624 0.393327 0.169187 -0.903624 0.428169 -0.00123066
2458538.902782 -0.907469 0.386033 0.16605 -0.907469 0.420229 -0.00120727
2458539.395850 -0.911166 0.378862 0.162966 -0.911166 0.412423 -0.00118401
2458539.888917 -0.914796 0.371662 0.15987 -0.914796 0.404586 -0.00116038
2458540.392510 -0.918432 0.36428 0.156696 -0.918432 0.39655 -0.0011359
2458540.885577 -0.921924 0.357024 0.153577 -0.921924 0.388653 -0.00111158
2458541.378644 -0.925347 0.349742 0.150447 -0.925347 0.380726 -0.00108692
2458541.882238 -0.928773 0.342276 0.147238 -0.928773 0.3726 -0.0010614
2458542.375305 -0.932058 0.334941 0.144085 -0.932058 0.364617 -0.00103609
2458542.868372 -0.935273 0.327581 0.140922 -0.935273 0.356605 -0.00101047
2458543.371966 -0.938486 0.320038 0.137681 -0.938486 0.348396 -0.000983992
2458543.865033 -0.941561 0.312629 0.134497 -0.941561 0.340331 -0.000957766
2458544.358100 -0.944567 0.305195 0.131303 -0.944567 0.332241 -0.000931251
2458544.861694 -0.947565 0.29758 0.128031 -0.947565 0.323952 -0.000903882
2458545.354761 -0.950429 0.290101 0.124818 -0.950429 0.315812 -0.000876809
2458545.847828 -0.953224 0.2826 0.121596 -0.953224 0.307649 -0.000849474
2458546.351421 -0.956005 0.274917 0.118296 -0.956005 0.299287 -0.00082129
2458546.844488 -0.958656 0.267374 0.115056 -0.958656 0.291077 -0.000793447
2458547.337556 -0.961237 0.259811 0.111807 -0.961237 0.282846 -0.000765364
2458547.841149 -0.9638 0.252066 0.108481 -0.9638 0.274417 -0.000736445
2458548.334216 -0.966237 0.244463 0.105216 -0.966237 0.266143 -0.000707906
2458548.827283 -0.968603 0.236842 0.101943 -0.968603 0.257849 -0.000679155
2458549.330877 -0.970946 0.22904 0.0985931 -0.970946 0.249359 -0.000649579
2458549.823944 -0.973168 0.221384 0.0953055 -0.973168 0.241026 -0.000620424
2458550.317011 -0.975318 0.213711 0.0920108 -0.975318 0.232676 -0.000591082
2458550.820605 -0.97744 0.205858 0.0886388 -0.97744 0.224129 -0.000560931
2458551.313672 -0.979445 0.198153 0.0853306 -0.979445 0.215744 -0.00053124
2458551.806739 -0.981377 0.190432 0.0820161 -0.981377 0.207343 -0.000501389
2458552.310332 -0.983277 0.182533 0.0786245 -0.983277 0.198746 -0.000470746
2458552.803400 -0.985064 0.174784 0.075298 -0.985064 0.190313 -0.0004406
2458553.296467 -0.986778 0.167022 0.0719658 -0.986778 0.181866 -0.000410322
2458553.800060 -0.988454 0.159082 0.068557 -0.988454 0.173225 -0.000379271
2458554.293127 -0.990022 0.151295 0.0652143 -0.990022 0.164751 -0.000348753
2458554.786194 -0.991517 0.143497 0.0618667 -0.991517 0.156265 -0.000318131
2458555.289788 -0.992969 0.135521 0.0584428 -0.992969 0.147585 -0.000286758
2458555.782855 -0.994317 0.127701 0.0550861 -0.994317 0.139075 -0.000255953
2458556.275922 -0.995593 0.119871 0.0517252 -0.995593 0.130555 -0.000225071
2458556.779516 -0.99682 0.111865 0.0482886 -0.99682 0.121842 -0.000193461
2458557.272583 -0.997947 0.104018 0.0449201 -0.997947 0.113302 -0.000162453
2458557.765650 -0.999002 0.0961621 0.0415481 -0.999002 0.104754 -0.000131397
2458558.269244 -1 0.0881313 0.038101 -1 0.0960145 -9.96379e-05
2458558.762311 -1.00091 0.0802614 0.0347229 -1.00091 0.0874503 -6.85126e-05
2458559.255378 -1.00174 0.0723852 0.0313421 -1.00174 0.0788793 -3.73673e-05
2458559.758971 -1.00252 0.0643351 0.0278866 -1.00252 0.0701189 -5.54617e-06
2458560.252038 -1.00321 0.0564481 0.0245011 -1.00321 0.0615361 2.56109e-05
2458560.745106 -1.00382 0.0485566 0.0211137 -1.00382 0.0529483 5.67597e-05
2458561.248699 -1.00437 0.0404926 0.0176522 -1.00437 0.0441728 8.85551e-05
2458561.741766 -1.00483 0.0325938 0.0142615 -1.00483 0.0355771 0.000119658
2458562.234833 -1.00522 0.0246922 0.0108697 -1.00522 0.0269784 0.000150725
2458562.738427 -1.00555 0.0166198 0.00740435 -1.00555 0.0181936 0.000182407
2458563.231494 -1.00579 0.00871444 0.00401073 -1.00579 0.00959072 0.000213371
2458563.724561 -1.00596 0.000808137 0.000616609 -1.00596 0.000986724 0.00024427
2458564.228155 -1.00606 -0.00726737 -0.00285024 -1.00606 -0.00780144 0.000275751
2458564.721222 -1.00608 -0.0151739 -0.00624463 -1.00608 -0.0164058 0.00030649
2458565.214289 -1.00603 -0.0230797 -0.0096388 -1.00603 -0.0250093 0.000337136
2458565.717882 -1.0059 -0.0311528 -0.0131049 -1.0059 -0.033795 0.000368331
2458566.210950 -1.0057 -0.0390553 -0.0164979 -1.0057 -0.042395 0.000398761
2458566.704017 -1.00543 -0.0469552 -0.0198899 -1.00543 -0.0509923 0.00042907
2458567.207610 -1.00507 -0.0550206 -0.0233531 -1.00507 -0.0597698 0.000459892
2458567.700677 -1.00465 -0.0629138 -0.0267424 -1.00465 -0.0683598 0.000489929
2458568.193744 -1.00416 -0.0708026 -0.0301301 -1.00416 -0.0769452 0.000519818
2458568.697338 -1.00358 -0.0788549 -0.0335881 -1.00358 -0.0857086 0.000550182
2458569.190405 -1.00294 -0.0867334 -0.0369716 -1.00294 -0.0942829 0.000579743
2458569.683472 -1.00223 -0.094606 -0.0403528 -1.00223 -0.102851 0.000609129
2458570.187066 -1.00142 -0.10264 -0.0438034 -1.00142 -0.111594 0.000638952
2458570.680133 -1.00057 -0.110499 -0.0471789 -1.00057 -0.120147 0.000667957
2458571.173200 -0.999633 -0.118349 -0.0505513 -0.999633 -0.128692 0.000696759
2458571.676794 -0.998607 -0.12636 -0.0539923 -0.998607 -0.13741 0.000725959
2458572.169861 -0.997529 -0.134193 -0.0573577 -0.997529 -0.145935 0.000754327
2458572.662928 -0.996379 -0.142017 -0.0607192 -0.996379 -0.154451 0.000782467
2458573.166521 -0.99513 -0.149998 -0.0641483 -0.99513 -0.163138 0.000810963
2458573.659588 -0.993834 -0.157802 -0.0675014 -0.993834 -0.171631 0.000838617
2458574.152656 -0.992467 -0.165594 -0.0708499 -0.992467 -0.180112 0.000866017
2458574.656249 -0.990996 -0.173541 -0.0742649 -0.990996 -0.188761 0.000893731
2458575.149316 -0.989485 -0.181309 -0.0776035 -0.989485 -0.197216 0.000920594
2458575.642383 -0.987901 -0.189064 -0.0809369 -0.987901 -0.205658 0.000947179
2458576.145977 -0.986211 -0.196971 -0.0843357 -0.986211 -0.214264 0.000974035
2458576.639044 -0.984484 -0.204699 -0.0876577 -0.984484 -0.222675 0.00100003
2458577.132111 -0.982686 -0.212412 -0.0909737 -0.982686 -0.231071 0.00102573
2458577.635705 -0.980776 -0.220274 -0.0943541 -0.980776 -0.239629 0.00105165
2458578.128772 -0.978836 -0.227956 -0.0976573 -0.978836 -0.247991 0.00107672
2458578.621839 -0.976824 -0.235622 -0.100954 -0.976824 -0.256336 0.00110145
2458579.125432 -0.974698 -0.243434 -0.104314 -0.974698 -0.26484 0.00112638
2458579.618500 -0.972545 -0.251065 -0.107596 -0.972545 -0.273147 0.00115043
2458580.111567 -0.970322 -0.258679 -0.110871 -0.970322 -0.281435 0.00117415
2458580.615160 -0.96798 -0.266436 -0.114208 -0.96798 -0.28988 0.001198
2458581.108227 -0.965617 -0.274012 -0.117468 -0.965617 -0.298127 0.00122098
2458581.601294 -0.963184 -0.281568 -0.120719 -0.963184 -0.306353 0.0012436
2458582.104888 -0.960628 -0.289265 -0.124031 -0.960628 -0.314732 0.00126632
2458582.597955 -0.958056 -0.29678 -0.127266 -0.958056 -0.322914 0.00128817
2458583.091022 -0.955415 -0.304274 -0.130492 -0.955415 -0.331073 0.00130963
2458583.594616 -0.952648 -0.311906 -0.133777 -0.952648 -0.339382 0.00133115
2458584.087683 -0.949869 -0.319356 -0.136984 -0.949869 -0.347493 0.00135181
2458584.580750 -0.947022 -0.326783 -0.140182 -0.947022 -0.355579 0.00137206
2458585.084344 -0.944045 -0.334345 -0.143439 -0.944045 -0.363812 0.00139232
2458585.577411 -0.941061 -0.341724 -0.146617 -0.941061 -0.371847 0.00141173
2458586.070478 -0.938011 -0.34908 -0.149785 -0.938011 -0.379855 0.00143071
2458586.574071 -0.934826 -0.356566 -0.15301 -0.934826 -0.388007 0.00144965
2458587.067138 -0.93164 -0.363871 -0.156157 -0.93164 -0.395961 0.00146776
2458587.560206 -0.928388 -0.371149 -0.159294 -0.928388 -0.403886 0.00148542
2458588.063799 -0.924997 -0.378556 -0.162486 -0.924997 -0.411951 0.001503
2458588.556866 -0.921612 -0.385781 -0.1656 -0.921612 -0.419819 0.00151975
2458589.049933 -0.91816 -0.392978 -0.168702 -0.91816 -0.427656 0.00153605
2458589.553527 -0.914567 -0.4003 -0.171859 -0.914567 -0.43563 0.00155221
2458590.046594 -0.910984 -0.40744 -0.174938 -0.910984 -0.443406 0.00156757
2458590.539661 -0.907335 -0.414551 -0.178005 -0.907335 -0.45115 0.00158245
2458591.043255 -0.903542 -0.421784 -0.181125 -0.903542 -0.459027 0.00159715
2458591.536322 -0.899763 -0.428835 -0.184167 -0.899763 -0.466706 0.00161107
2458592.029389 -0.895921 -0.435856 -0.187196 -0.895921 -0.474352 0.0016245
2458592.532982 -0.89193 -0.442995 -0.190277 -0.89193 -0.482127 0.0016377
2458593.026050 -0.887959 -0.449952 -0.19328 -0.887959 -0.489705 0.00165014
2458593.519117 -0.883925 -0.456878 -0.196269 -0.883925 -0.497249 0.00166208
2458594.022710 -0.87974 -0.463918 -0.199309 -0.87974 -0.504917 0.00167375
2458594.515777 -0.87558 -0.470777 -0.202271 -0.87558 -0.512389 0.00168468
2458595.008844 -0.871357 -0.477604 -0.205219 -0.871357 -0.519824 0.00169509
2458595.512438 -0.866981 -0.48454 -0.208215 -0.866981 -0.52738 0.0017052
2458596.005505 -0.862633 -0.491298 -0.211135 -0.862633 -0.534741 0.00171458
2458596.498572 -0.858225 -0.49802 -0.214039 -0.858225 -0.542064 0.00172344
2458597.002166 -0.85366 -0.504849 -0.216991 -0.85366 -0.549504 0.00173196
2458597.495233 -0.849129 -0.5115 -0.219866 -0.849129 -0.556749 0.00173977
2458597.988300 -0.844538 -0.518114 -0.222725 -0.844538 -0.563955 0.00174706
2458712.204272 0.81978 -0.559538 -0.244056 0.81978 -0.610446 -0.00134558
2458712.697339 0.824735 -0.553233 -0.241301 0.824735 -0.603566 -0.00132633
2458713.200932 0.829737 -0.546755 -0.238471 0.829737 -0.596496 -0.00130625
2458713.694000 0.834576 -0.540374 -0.235682 0.834576 -0.589532 -0.00128618
2458714.187067 0.839358 -0.533955 -0.232877 0.839358 -0.582528 -0.00126571
2458714.690660 0.844181 -0.527362 -0.229996 0.844181 -0.575333 -0.00124441
2458715.183727 0.848845 -0.520871 -0.227158 0.848845 -0.568248 -0.00122316
2458715.676794 0.853449 -0.514343 -0.224304 0.853449 -0.561124 -0.00120153
2458716.180388 0.858091 -0.50764 -0.221374 0.858091 -0.553808 -0.00117906
2458716.673455 0.862575 -0.501041 -0.218488 0.862575 -0.546606 -0.00115668
2458717.166522 0.867 -0.494408 -0.215588 0.867 -0.539367 -0.00113395
2458717.670116 0.871457 -0.487599 -0.21261 0.871457 -0.531934 -0.00111038
2458718.163183 0.875759 -0.480897 -0.209679 0.875759 -0.52462 -0.00108694
2458718.656250 0.880001 -0.474163 -0.206734 0.880001 -0.51727 -0.00106318
2458719.159844 0.884269 -0.467252 -0.20371 0.884269 -0.509727 -0.00103856
2458719.652911 0.888387 -0.460452 -0.200736 0.888387 -0.502305 -0.00101414
2458720.145978 0.892443 -0.453621 -0.197747 0.892443 -0.494849 -0.000989399
2458720.649571 0.896521 -0.446612 -0.19468 0.896521 -0.487198 -0.000963816
2458721.142638 0.900451 -0.439718 -0.191664 0.900451 -0.479673 -0.000938466
2458721.635706 0.904318 -0.432795 -0.188634 0.904318 -0.472116 -0.000912826
2458722.139299 0.908202 -0.425692 -0.185526 0.908202 -0.464363 -0.000886347
2458722.632366 0.911942 -0.418709 -0.18247 0.911942 -0.45674 -0.000860143
2458723.125433 0.915617 -0.411696 -0.179401 0.915617 -0.449086 -0.000833673
2458723.629027 0.919306 -0.404505 -0.176253 0.919306 -0.441236 -0.000806372
2458724.122094 0.922852 -0.397436 -0.173159 0.922852 -0.433519 -0.000779388
2458724.615161 0.926334 -0.39034 -0.170053 0.926334 -0.425773 -0.000752163
2458725.118755 0.929824 -0.383064 -0.166868 0.929824 -0.417831 -0.000724116
2458725.611822 0.933175 -0.375914 -0.163738 0.933175 -0.410026 -0.000696428
2458726.104889 0.936461 -0.368738 -0.160596 0.936461 -0.402192 -0.000668523
2458726.608482 0.939749 -0.361383 -0.157376 0.939749 -0.394163 -0.000639809
2458727.101550 0.942903 -0.354156 -0.154212 0.942903 -0.386274 -0.000611494
2458727.594617 0.94599 -0.346905 -0.151037 0.94599 -0.378359 -0.000582989
2458728.098210 0.949075 -0.339475 -0.147784 0.949075 -0.370247 -0.000553688
2458728.591277 0.952029 -0.332176 -0.144588 0.952029 -0.36228 -0.000524826
2458729.084344 0.954915 -0.324855 -0.141382 0.954915 -0.354287 -0.0004958
2458729.587938 0.957795 -0.317354 -0.138098 0.957795 -0.346099 -0.000465995
2458730.081005 0.960546 -0.309988 -0.134872 0.960546 -0.338057 -0.000436666
2458730.574072 0.96323 -0.3026 -0.131637 0.96323 -0.329992 -0.0004072
2458731.077666 0.965902 -0.295033 -0.128323 0.965902 -0.321732 -0.000376974
2458731.570733 0.968449 -0.287604 -0.12507 0.968449 -0.313622 -0.000347261
2458732.063800 0.970928 -0.280156 -0.121808 0.970928 -0.30549 -0.000317438
2458732.567394 0.97339 -0.272528 -0.118468 0.97339 -0.297163 -0.000286876
2458733.060461 0.975732 -0.265041 -0.115189 0.975732 -0.28899 -0.000256862
2458733.553528 0.978005 -0.257535 -0.111902 0.978005 -0.280796 -0.000226766
2458734.057121 0.980255 -0.249851 -0.108537 0.980255 -0.272408 -0.000195954
2458734.550188 0.982389 -0.242311 -0.105235 0.982389 -0.264176 -0.000165722
2458735.043256 0.984454 -0.234753 -0.101926 0.984454 -0.255926 -0.000135438
2458735.546849 0.986491 -0.227018 -0.0985382 0.986491 -0.247481 -0.000104461
2458736.039916 0.988416 -0.219429 -0.0952148 0.988416 -0.239196 -7.40976e-05
2458736.532983 0.990271 -0.211824 -0.0918847 0.990271 -0.230895 -4.37088e-05
2458737.036577 0.992093 -0.204043 -0.0884771 0.992093 -0.2224 -1.26553e-05
2458737.529644 0.993807 -0.196409 -0.0851345 0.993807 -0.214067 1.77555e-05
2458738.022711 0.995451 -0.188763 -0.0817861 0.995451 -0.205719 4.81631e-05
2458738.526305 0.997058 -0.18094 -0.0783605 0.997058 -0.197179 7.92068e-05
2458739.019372 0.998559 -0.173267 -0.0750011 0.998559 -0.188803 0.000109579
2458739.512439 0.999991 -0.165583 -0.0716365 0.999991 -0.180415 0.000139921
2458740.016032 1.00138 -0.157723 -0.0681951 1.00138 -0.171835 0.000170867
2458740.509100 1.00267 -0.150017 -0.064821 1.00267 -0.163422 0.000201117
2458741.002167 1.00389 -0.1423 -0.0614425 1.00389 -0.154998 0.000231306
2458741.505760 1.00506 -0.134409 -0.0579876 1.00506 -0.146384 0.00026207
2458741.998827 1.00613 -0.126673 -0.054601 1.00613 -0.137939 0.000292111
2458742.491894 1.00713 -0.118928 -0.0512107 1.00713 -0.129485 0.000322065
2458742.995488 1.00809 -0.11101 -0.0477446 1.00809 -0.120842 0.000352558
2458743.488555 1.00894 -0.10325 -0.0443477 1.00894 -0.112371 0.000382307
2458743.981622 1.00973 -0.0954831 -0.040948 1.00973 -0.103892 0.00041194
2458744.485216 1.01046 -0.0875435 -0.0374729 1.01046 -0.0952255 0.000442078
2458744.978283 1.01111 -0.079764 -0.034068 1.01111 -0.0867335 0.000471451
2458745.471350 1.01168 -0.0719791 -0.030661 1.01168 -0.0782358 0.000500682
2458745.974944 1.01219 -0.0640231 -0.0271793 1.01219 -0.0695513 0.000530379
2458746.468011 1.01261 -0.0562291 -0.0237687 1.01261 -0.0610438 0.000559294
2458746.961078 1.01297 -0.0484314 -0.0203566 1.01297 -0.0525323 0.00058804
2458747.464671 1.01325 -0.040464 -0.0168705 1.01325 -0.0438357 0.000617214
2458747.957738 1.01346 -0.0326605 -0.0134564 1.01346 -0.0353181 0.00064559
2458748.450806 1.0136 -0.024855 -0.0100416 1.0136 -0.0267983 0.000673769
2458748.954399 1.01367 -0.0168814 -0.00655345 1.01367 -0.0180952 0.000702339
2458749.447466 1.01366 -0.00907343 -0.00313805 1.01366 -0.00957296 0.000730096
2458749.940533 1.01358 -0.00126514 0.000277264 1.01358 -0.00105046 0.00075763
2458750.444127 1.01342 0.00670965 0.00376515 1.01342 0.00765368 0.000785514
2458750.937194 1.01319 0.014517 0.00717955 1.01319 0.016175 0.000812574
2458751.430261 1.01289 0.0223231 0.0105931 1.01289 0.0246947 0.000839387
2458751.933855 1.01251 0.0302939 0.0140784 1.01251 0.0333942 0.000866508
2458752.426922 1.01207 0.0380956 0.0174896 1.01207 0.041909 0.000892795
2458752.919989 1.01155 0.0458944 0.0208991 1.01155 0.0504205 0.00091881
2458753.423582 1.01095 0.0538561 0.0243796 1.01095 0.0591096 0.000945091
2458753.916650 1.01028 0.0616472 0.0277852 1.01028 0.0676125 0.000970531
2458754.409717 1.00955 0.0694338 0.0311884 1.00955 0.0761103 0.000995676
2458754.913310 1.00872 0.0773811 0.0346617 1.00872 0.0847834 0.00102104
2458755.406377 1.00784 0.0851566 0.0380595 1.00784 0.0932689 0.00104557
2458755.899444 1.00689 0.0929258 0.0414542 1.00689 0.101747 0.00106977
2458756.403038 1.00584 0.100854 0.044918 1.00584 0.110399 0.00109415
2458756.896105 1.00474 0.108609 0.0483057 1.00474 0.118861 0.00111769
2458757.389172 1.00357 0.116355 0.0516897 1.00357 0.127315 0.00114088
2458757.892766 1.0023 0.124259 0.0551416 1.0023 0.135939 0.00116421
2458758.385833 1.00099 0.131988 0.0585171 1.00099 0.144373 0.00118669
2458758.878900 0.999599 0.139707 0.0618879 0.999599 0.152796 0.00120881
2458759.382494 0.998108 0.147581 0.0653258 0.998108 0.161388 0.00123102
2458759.875561 0.996575 0.155279 0.0686867 0.996575 0.169788 0.00125239
2458760.368628 0.994971 0.162966 0.0720423 0.994971 0.178175 0.00127337
2458760.872221 0.993259 0.170805 0.0754637 0.993259 0.186728 0.0012944
2458761.365288 0.991511 0.178467 0.0788078 0.991511 0.195088 0.00131459
2458761.858356 0.989692 0.186117 0.0821458 0.989692 0.203434 0.00133438
2458762.361949 0.98776 0.193916 0.0855486 0.98776 0.211943 0.00135417
2458762.855016 0.985796 0.201537 0.0888736 0.985796 0.220259 0.00137313
2458763.348083 0.983762 0.209144 0.0921919 0.983762 0.228558 0.00139166
2458763.851677 0.981611 0.216898 0.0955737 0.981611 0.237017 0.00141015
2458764.344744 0.979434 0.224474 0.0988775 0.979434 0.245282 0.00142782
2458764.837811 0.977186 0.232033 0.102174 0.977186 0.253529 0.00144506
2458765.341405 0.974817 0.239737 0.105532 0.974817 0.261933 0.0014622
2458765.834472 0.972427 0.247262 0.108813 0.972427 0.270142 0.00147853
2458766.327539 0.969967 0.254769 0.112085 0.969967 0.278331 0.00149441
2458766.831132 0.967381 0.262417 0.115418 0.967381 0.286674 0.00151016
2458767.324200 0.96478 0.269887 0.118672 0.96478 0.294821 0.00152511
2458767.817267 0.962108 0.277336 0.121918 0.962108 0.302947 0.00153959
2458768.320860 0.959308 0.284924 0.125223 0.959308 0.311224 0.0015539
2458768.813927 0.956496 0.292333 0.12845 0.956496 0.319305 0.00156742
2458769.306994 0.953615 0.29972 0.131667 0.953615 0.327362 0.00158047
2458769.810588 0.950601 0.307243 0.134943 0.950601 0.335567 0.00159329
2458770.303655 0.947581 0.314586 0.138139 0.947581 0.343576 0.00160535
2458770.796722 0.944492 0.321906 0.141326 0.944492 0.351559 0.00161692
2458771.300316 0.941266 0.329359 0.144569 0.941266 0.359687 0.00162823
2458771.793383 0.938039 0.336631 0.147734 0.938039 0.367618 0.00163879
2458772.286450 0.934744 0.343879 0.150887 0.934744 0.375522 0.00164885
2458772.790044 0.931309 0.351256 0.154096 0.931309 0.383567 0.00165861
2458773.283111 0.927876 0.358454 0.157226 0.927876 0.391416 0.00166764
2458773.776178 0.924377 0.365625 0.160345 0.924377 0.399236 0.00167617
2458774.279771 0.920734 0.372922 0.163517 0.920734 0.407192 0.00168434
2458774.772838 0.917099 0.380039 0.166611 0.917099 0.414953 0.00169182
2458775.265906 0.913397 0.387128 0.169692 0.913397 0.422683 0.00169879
2458775.769499 0.909548 0.39434 0.172826 0.909548 0.430546 0.00170536
2458776.262566 0.905712 0.401372 0.175881 0.905712 0.438213 0.00171127
2458776.755633 0.901811 0.408375 0.178923 0.901811 0.445849 0.00171665
2458777.259227 0.897758 0.415497 0.182016 0.897758 0.453613 0.0017216
2458777.752294 0.893724 0.42244 0.185031 0.893724 0.461182 0.00172592
2458778.245361 0.889625 0.429352 0.188032 0.889625 0.468717 0.00172971
2458778.748955 0.885371 0.436379 0.191082 0.885371 0.476378 0.00173302
2458779.242022 0.881141 0.443227 0.194054 0.881141 0.483844 0.00173573
2458779.735089 0.876846 0.450044 0.197012 0.876846 0.491274 0.00173791
2458780.238682 0.872394 0.456971 0.200017 0.872394 0.498825 0.00173958
2458780.731750 0.867971 0.463721 0.202945 0.867971 0.506182 0.00174068
2458781.224817 0.863484 0.470437 0.205857 0.863484 0.513502 0.00174124
2458781.728410 0.858836 0.47726 0.208815 0.858836 0.52094 0.00174126
2458782.221477 0.854222 0.483906 0.211696 0.854222 0.528183 0.00174074
2458782.714544 0.849545 0.490517 0.214561 0.849545 0.535388 0.00173969
2458783.218138 0.844704 0.497232 0.217471 0.844704 0.542706 0.00173806
2458783.711205 0.839902 0.50377 0.220303 0.839902 0.549832 0.00173592
2459622.427944 -0.794789 0.553872 0.239898 -0.794789 0.603594 -0.000215449
2459622.921011 -0.800071 0.547546 0.237189 -0.800071 0.596712 -0.000184464
2459623.424605 -0.805404 0.541041 0.234403 -0.805404 0.589636 -0.000152767
2459623.917672 -0.810565 0.534632 0.231658 -0.810565 0.582663 -0.000121693
2459624.410739 -0.815665 0.528182 0.228896 -0.815665 0.575647 -9.0588e-05
2459624.914332 -0.820811 0.521553 0.226057 -0.820811 0.568435 -5.87976e-05
2459625.407400 -0.825787 0.515023 0.223259 -0.825787 0.561332 -2.766e-05
2459625.900467 -0.830702 0.508454 0.220445 -0.830702 0.554185 3.47955e-06
2459626.404060 -0.835658 0.501705 0.217554 -0.835658 0.546844 3.52762e-05
2459626.897127 -0.840447 0.495059 0.214707 -0.840447 0.539613 6.63911e-05
2459627.390194 -0.845173 0.488376 0.211843 -0.845173 0.532343 9.74797e-05
2459627.893788 -0.849935 0.481512 0.208902 -0.849935 0.524875 0.000129195
2459628.386855 -0.854534 0.474756 0.206006 -0.854534 0.517524 0.000160202
2459628.879922 -0.859069 0.467963 0.203095 -0.859069 0.510134 0.000191154
2459629.383516 -0.863634 0.460989 0.200106 -0.863634 0.502546 0.0002227
2459629.876583 -0.86804 0.454125 0.197164 -0.86804 0.495079 0.000253513
2459630.369650 -0.87238 0.447228 0.194207 -0.87238 0.487575 0.000284243
2459630.873244 -0.876746 0.440149 0.191172 -0.876746 0.479872 0.000315535
2459631.366311 -0.880955 0.433184 0.188185 -0.880955 0.472294 0.000346069
2459631.859378 -0.885099 0.426186 0.185185 -0.885099 0.46468 0.000376493
2459632.362971 -0.889262 0.419006 0.182105 -0.889262 0.456868 0.000407443
2459632.856038 -0.893273 0.411945 0.179077 -0.893273 0.449184 0.000437615
2459633.349106 -0.897216 0.404852 0.176034 -0.897216 0.441467 0.000467649
2459633.852699 -0.901175 0.397577 0.172913 -0.901175 0.43355 0.000498172
2459634.345766 -0.904984 0.390423 0.169844 -0.904984 0.425766 0.000527899
2459634.838833 -0.908725 0.38324 0.166763 -0.908725 0.41795 0.00055746
2459635.342427 -0.912477 0.375875 0.163602 -0.912477 0.409935 0.000587472
2459635.835494 -0.916082 0.368634 0.160495 -0.916082 0.402056 0.000616672
2459636.328561 -0.919619 0.361366 0.157375 -0.919619 0.394147 0.000645679
2459636.832155 -0.923161 0.353915 0.154177 -0.923161 0.386039 0.000675098
2459637.325222 -0.926559 0.346593 0.151033 -0.926559 0.378071 0.000703691
2459637.818289 -0.92989 0.339245 0.147879 -0.92989 0.370074 0.000732065
2459638.321882 -0.93322 0.331714 0.144645 -0.93322 0.361878 0.00076081
2459638.814950 -0.93641 0.324315 0.141467 -0.93641 0.353826 0.000788716
2459639.308017 -0.939532 0.316892 0.138279 -0.939532 0.345747 0.000816378
2459639.811610 -0.942648 0.309286 0.135012 -0.942648 0.337469 0.000844371
2459640.304677 -0.945629 0.301816 0.131803 -0.945629 0.329339 0.000871514
2459640.797744 -0.94854 0.294323 0.128584 -0.94854 0.321183 0.000898389
2459641.301338 -0.95144 0.286647 0.125285 -0.95144 0.312829 0.000925551
2459641.794405 -0.954209 0.27911 0.122047 -0.954209 0.304626 0.000951858
2459642.287472 -0.956907 0.271553 0.118798 -0.956907 0.2964 0.000977871
2459642.791066 -0.95959 0.263813 0.115471 -0.95959 0.287975 0.00100413
2459643.284133 -0.962146 0.256215 0.112205 -0.962146 0.279705 0.00102953
2459643.777200 -0.96463 0.248598 0.10893 -0.96463 0.271414 0.00105461
2459644.280794 -0.967094 0.240799 0.105576 -0.967094 0.262924 0.00107989
2459644.773861 -0.969435 0.233145 0.102284 -0.969435 0.254592 0.00110431
2459645.266928 -0.971704 0.225473 0.0989845 -0.971704 0.246241 0.00112839
2459645.770521 -0.973947 0.217621 0.0956064 -0.973947 0.237693 0.00115262
2459646.263588 -0.976072 0.209916 0.0922915 -0.976072 0.229306 0.00117599
2459646.756656 -0.978124 0.202196 0.0889694 -0.978124 0.220901 0.00119901
2459647.260249 -0.980146 0.194295 0.0855693 -0.980146 0.2123 0.00122213
2459647.753316 -0.982053 0.186545 0.0822335 -0.982053 0.203862 0.00124439
2459648.246383 -0.983887 0.178781 0.0788912 -0.983887 0.19541 0.00126627
2459648.749977 -0.985686 0.170838 0.0754712 -0.985686 0.186761 0.00128822
2459649.243044 -0.987375 0.163047 0.0721168 -0.987375 0.17828 0.00130931
2459649.736111 -0.988991 0.155245 0.0687566 -0.988991 0.169784 0.00133
2459650.239705 -0.990566 0.147264 0.0653191 -0.990566 0.161095 0.00135072
2459650.732772 -0.992035 0.139439 0.0619482 -0.992035 0.152575 0.00137058
2459651.225839 -0.993431 0.131604 0.0585724 -0.993431 0.144043 0.00139002
2459651.729432 -0.994782 0.123591 0.0551196 -0.994782 0.135318 0.00140944
2459652.222500 -0.996031 0.115737 0.0517346 -0.996031 0.126765 0.00142802
2459652.715567 -0.997207 0.107874 0.0483453 -0.997207 0.118203 0.00144617
2459653.219160 -0.998333 0.0998349 0.0448797 -0.998333 0.109449 0.00146424
2459653.712227 -0.999361 0.0919564 0.0414827 -0.999361 0.100869 0.00148149
2459654.205294 -1.00032 0.0840711 0.0380823 -1.00032 0.092282 0.00149829
2459654.708888 -1.00122 0.0760111 0.034606 -1.00122 0.0835043 0.00151497
2459655.201955 -1.00202 0.0681138 0.0311995 -1.00202 0.0749037 0.00153083
2459655.695022 -1.00276 0.0602116 0.0277902 -1.00276 0.0662973 0.00154623
2459656.198616 -1.00343 0.052136 0.0243056 -1.00343 0.0575021 0.00156147
2459656.691683 -1.00402 0.0442254 0.0208917 -1.00402 0.0488863 0.00157592
2459657.184750 -1.00453 0.0363115 0.0174758 -1.00453 0.0402667 0.00158988
2459657.688344 -1.00498 0.028226 0.0139853 -1.00498 0.0314599 0.00160364
2459658.181411 -1.00534 0.0203073 0.0105663 -1.00534 0.0228346 0.00161662
2459658.674478 -1.00564 0.0123872 0.00714612 -1.00564 0.0142076 0.00162911
2459659.178071 -1.00586 0.00429703 0.00365196 -1.00586 0.00539512 0.00164135
2459659.671138 -1.006 -0.00362431 0.000230154 -1.006 -0.00323369 0.00165283
2459660.164206 -1.00607 -0.0115454 -0.00319208 -1.00607 -0.0118624 0.00166381
2459660.667799 -1.00607 -0.0196346 -0.00668755 -1.00607 -0.0206746 0.0016745
2459661.160866 -1.00599 -0.0275533 -0.0101099 -1.00599 -0.0293012 0.00168445
2459661.653933 -1.00584 -0.03547 -0.0135319 -1.00584 -0.0379258 0.00169389
2459662.157527 -1.00561 -0.0435529 -0.0170263 -1.00561 -0.0467317 0.001703
2459662.650594 -1.00531 -0.0514637 -0.0204469 -1.00531 -0.0553503 0.0017114
2459663.143661 -1.00494 -0.0593706 -0.0238664 -1.00494 -0.063965 0.00171928
2459663.647255 -1.00448 -0.0674419 -0.0273575 -1.00448 -0.0727589 0.00172678
2459664.140322 -1.00396 -0.0753394 -0.0307741 -1.00396 -0.0813637 0.0017336
2459664.633389 -1.00337 -0.0832313 -0.0341888 -1.00337 -0.0899627 0.00173989
2459665.136982 -1.00269 -0.0912854 -0.0376743 -1.00269 -0.0987387 0.00174577
2459665.630050 -1.00195 -0.0991644 -0.0410845 -1.00195 -0.107324 0.001751
2459666.123117 -1.00114 -0.107036 -0.0444922 -1.00114 -0.115902 0.00175569
2459666.626710 -1.00024 -0.115068 -0.0479697 -1.00024 -0.124654 0.00175993
2459667.119777 -0.999278 -0.122923 -0.0513714 -0.999278 -0.133214 0.00176354
2459667.612844 -0.998248 -0.130769 -0.0547698 -0.998248 -0.141764 0.00176662
2459668.116438 -0.997121 -0.138773 -0.058237 -0.997121 -0.150487 0.00176921
2459668.609505 -0.995945 -0.146599 -0.0616279 -0.995945 -0.159016 0.0017712
2459669.102572 -0.994697 -0.154415 -0.0650148 -0.994697 -0.167534 0.00177266
2459669.606166 -0.993348 -0.162385 -0.0684694 -0.993348 -0.176221 0.00177359
2459670.099233 -0.991955 -0.170177 -0.0718473 -0.991955 -0.184714 0.00177397
2459670.592300 -0.990491 -0.177957 -0.0752203 -0.990491 -0.193193 0.0017738
2459671.095894 -0.988921 -0.185889 -0.0786602 -0.988921 -0.201839 0.00177307
2459671.588961 -0.987312 -0.193642 -0.0820227 -0.987312 -0.21029 0.00177182
2459672.082028 -0.985632 -0.20138 -0.0853798 -0.985632 -0.218725 0.00177003
2459672.585621 -0.983843 -0.209269 -0.0888025 -0.983843 -0.227324 0.00176765
2459673.078688 -0.982019 -0.216977 -0.0921476 -0.982019 -0.235727 0.00176478
2459673.571756 -0.980125 -0.22467 -0.0954864 -0.980125 -0.244113 0.00176137
2459674.075349 -0.978118 -0.232509 -0.0988897 -0.978118 -0.252659 0.00175734
2459674.568416 -0.976081 -0.240168 -0.102215 -0.976081 -0.261009 0.00175286
2459675.061483 -0.973975 -0.24781 -0.105533 -0.973975 -0.26934 0.00174785
2459675.565077 -0.971751 -0.255595 -0.108915 -0.971751 -0.277828 0.00174218
2459676.058144 -0.969503 -0.2632 -0.112219 -0.969503 -0.286119 0.0017361
2459676.551211 -0.967186 -0.270785 -0.115514 -0.967186 -0.294389 0.0017295
2459677.054805 -0.964747 -0.278512 -0.118872 -0.964747 -0.302814 0.00172222
2459677.547872 -0.962289 -0.286056 -0.122152 -0.962289 -0.311041 0.00171456
2459678.040939 -0.959763 -0.293581 -0.125423 -0.959763 -0.319245 0.00170638
2459678.544532 -0.957111 -0.301243 -0.128755 -0.957111 -0.327601 0.0016975
2459679.037600 -0.954446 -0.308724 -0.132008 -0.954446 -0.335758 0.00168828
2459679.530667 -0.951712 -0.316182 -0.135252 -0.951712 -0.343891 0.00167856
2459680.034260 -0.94885 -0.323775 -0.138556 -0.94885 -0.352172 0.0016681
2459680.527327 -0.945979 -0.331187 -0.14178 -0.945979 -0.360255 0.00165736
2459681.020394 -0.94304 -0.338574 -0.144995 -0.94304 -0.368311 0.00164611
2459681.523988 -0.939969 -0.346093 -0.148269 -0.939969 -0.376512 0.00163411
2459682.017055 -0.936894 -0.353431 -0.151463 -0.936894 -0.384515 0.00162187
2459682.510122 -0.933752 -0.360742 -0.154647 -0.933752 -0.39249 0.00160913
2459683.013716 -0.930475 -0.368183 -0.157888 -0.930475 -0.400605 0.00159562
2459683.506783 -0.927199 -0.375441 -0.16105 -0.927199 -0.408523 0.00158191
2459683.999850 -0.923856 -0.382673 -0.1642 -0.923856 -0.41641 0.00156773
2459684.503444 -0.920375 -0.39003 -0.167406 -0.920375 -0.424436 0.00155275
2459684.996511 -0.9169 -0.397205 -0.170533 -0.9169 -0.432263 0.00153761
2459685.489578 -0.913359 -0.404351 -0.173649 -0.913359 -0.440059 0.00152201
2459685.993171 -0.909676 -0.41162 -0.176818 -0.909676 -0.447988 0.00150561
2459686.486238 -0.906004 -0.418707 -0.179909 -0.906004 -0.45572 0.00148909
2459686.979306 -0.902268 -0.425764 -0.182987 -0.902268 -0.463419 0.00147212
2459687.482899 -0.898386 -0.43294 -0.186117 -0.898386 -0.471248 0.00145433
2459687.975966 -0.89452 -0.439934 -0.189169 -0.89452 -0.478879 0.00143648
2459688.469033 -0.890591 -0.446897 -0.192208 -0.890591 -0.486476 0.00141819
2459688.972627 -0.886513 -0.453975 -0.195297 -0.886513 -0.494199 0.00139907
2459689.465694 -0.882456 -0.460872 -0.198309 -0.882456 -0.501725 0.00137993
2459689.958761 -0.878337 -0.467737 -0.201306 -0.878337 -0.509215 0.00136037
2459690.462355 -0.874065 -0.474713 -0.204353 -0.874065 -0.516827 0.00133998
2459690.955422 -0.86982 -0.481509 -0.207321 -0.86982 -0.524243 0.0013196
2459691.448489 -0.865513 -0.48827 -0.210275 -0.865513 -0.531622 0.00129883
2459691.952082 -0.861051 -0.49514 -0.213277 -0.861051 -0.539119 0.00127722
2459692.445150 -0.856621 -0.50183 -0.216201 -0.856621 -0.54642 0.00125567
2459692.938217 -0.85213 -0.508485 -0.21911 -0.85213 -0.553683 0.00123375
2459693.441810 -0.847481 -0.515243 -0.222065 -0.847481 -0.561059 0.00121097
2459693.934877 -0.842869 -0.521824 -0.224943 -0.842869 -0.568241 0.00118831
2459807.647256 0.816476 -0.563756 -0.244069 0.816476 -0.614321 0.000320493
2459808.150849 0.821574 -0.557374 -0.241268 0.821574 -0.607352 0.000351106
2459808.643916 0.826509 -0.551087 -0.23851 0.826509 -0.600486 0.000380979
2459809.136983 0.831386 -0.544762 -0.235735 0.831386 -0.593579 0.000410743
2459809.640577 0.836308 -0.538263 -0.232885 0.836308 -0.586483 0.00044102
2459810.133644 0.841069 -0.531863 -0.230078 0.841069 -0.579494 0.000470537
2459810.626711 0.845771 -0.525426 -0.227255 0.845771 -0.572466 0.000499917
2459811.130305 0.850513 -0.518814 -0.224356 0.850513 -0.565246 0.000529774
2459811.623372 0.855096 -0.512305 -0.221502 0.855096 -0.558139 0.000558851
2459812.116439 0.85962 -0.50576 -0.218633 0.85962 -0.550993 0.000587765
2459812.620032 0.864179 -0.499039 -0.215687 0.864179 -0.543655 0.000617119
2459813.113100 0.868582 -0.492425 -0.212788 0.868582 -0.536433 0.000645675
2459813.606167 0.872924 -0.485776 -0.209875 0.872924 -0.529174 0.000674042
2459814.109760 0.877297 -0.478951 -0.206885 0.877297 -0.521723 0.000702809
2459814.602827 0.881516 -0.472235 -0.203942 0.881516 -0.514391 0.000730765
2459815.095894 0.885675 -0.465487 -0.200986 0.885675 -0.507024 0.000758505
2459815.599488 0.889858 -0.458561 -0.197953 0.889858 -0.499463 0.000786605
2459816.092555 0.893891 -0.451749 -0.19497 0.893891 -0.492026 0.000813882
2459816.585622 0.897862 -0.444905 -0.191973 0.897862 -0.484554 0.000840917
2459817.089216 0.901854 -0.437883 -0.188899 0.901854 -0.476889 0.000868272
2459817.582283 0.905698 -0.430977 -0.185876 0.905698 -0.469351 0.000894793
2459818.075350 0.909479 -0.424042 -0.182841 0.909479 -0.461781 0.000921047
2459818.578944 0.913276 -0.416928 -0.179728 0.913276 -0.454016 0.000947579
2459819.072011 0.916929 -0.409934 -0.176667 0.916929 -0.446381 0.00097327
2459819.565078 0.920518 -0.402911 -0.173595 0.920518 -0.438716 0.00099867
2459820.068671 0.924117 -0.39571 -0.170445 0.924117 -0.430856 0.0010243
2459820.561738 0.927576 -0.388632 -0.167349 0.927576 -0.42313 0.00104909
2459821.054806 0.93097 -0.381526 -0.164242 0.93097 -0.415375 0.00107357
2459821.558399 0.934369 -0.374242 -0.161057 0.934369 -0.407425 0.00109823
2459822.051466 0.937631 -0.367084 -0.157927 0.937631 -0.399613 0.00112205
2459822.544533 0.940828 -0.3599 -0.154787 0.940828 -0.391773 0.00114553
2459823.048127 0.944025 -0.352537 -0.151569 0.944025 -0.383737 0.00116916
2459823.541194 0.947089 -0.345304 -0.148408 0.947089 -0.375843 0.00119193
2459824.034261 0.950086 -0.338046 -0.145237 0.950086 -0.367923 0.00121435
2459824.537855 0.953079 -0.330609 -0.141988 0.953079 -0.359808 0.00123687
2459825.030922 0.955942 -0.323304 -0.138798 0.955942 -0.351837 0.00125855
2459825.523989 0.958737 -0.315977 -0.135598 0.958737 -0.343841 0.00127984
2459826.027582 0.961523 -0.308471 -0.13232 0.961523 -0.335651 0.0013012
2459826.520650 0.964183 -0.3011 -0.129102 0.964183 -0.327608 0.00132171
2459827.013717 0.966775 -0.293708 -0.125875 0.966775 -0.319542 0.00134182
2459827.517310 0.969353 -0.286137 -0.122571 0.969353 -0.311281 0.00136194
2459828.010377 0.971807 -0.278704 -0.119327 0.971807 -0.303172 0.00138123
2459828.503444 0.974194 -0.271251 -0.116076 0.974194 -0.295041 0.0014001
2459829.007038 0.976561 -0.26362 -0.112747 0.976561 -0.286715 0.00141894
2459829.500105 0.978809 -0.25613 -0.10948 0.978809 -0.278544 0.00143695
2459829.993172 0.980989 -0.248622 -0.106206 0.980989 -0.270353 0.00145453
2459830.496766 0.983143 -0.240936 -0.102854 0.983143 -0.261967 0.00147203
2459830.989833 0.985183 -0.233393 -0.0995657 0.985183 -0.253739 0.00148871
2459831.482900 0.987154 -0.225834 -0.0962708 0.987154 -0.245493 0.00150494
2459831.986494 0.989094 -0.218098 -0.092899 0.989094 -0.237054 0.00152106
2459832.479561 0.990924 -0.210507 -0.0895914 0.990924 -0.228774 0.00153636
2459832.972628 0.992685 -0.202902 -0.086278 0.992685 -0.220478 0.00155121
2459833.476221 0.99441 -0.19512 -0.0828879 0.99441 -0.21199 0.00156589
2459833.969288 0.996029 -0.187486 -0.0795632 0.996029 -0.203663 0.00157978
2459834.462356 0.997577 -0.179839 -0.0762334 0.997577 -0.195323 0.00159319
2459834.965949 0.999086 -0.172016 -0.0728273 0.999086 -0.186791 0.00160639
2459835.459016 1.00049 -0.164345 -0.0694876 1.00049 -0.178424 0.00161882
2459835.952083 1.00183 -0.156661 -0.0661434 1.00183 -0.170044 0.00163077
2459836.455677 1.00312 -0.148802 -0.0627235 1.00312 -0.161473 0.00164245
2459836.948744 1.00431 -0.141097 -0.059371 1.00431 -0.153071 0.00165339
2459837.441811 1.00543 -0.133382 -0.0560147 1.00543 -0.144657 0.00166383
2459837.945405 1.0065 -0.125492 -0.052583 1.0065 -0.136053 0.00167397
2459838.438472 1.00748 -0.117759 -0.0492198 1.00748 -0.12762 0.00168339
2459838.931539 1.00839 -0.110017 -0.0458535 1.00839 -0.119178 0.00169229
2459839.435132 1.00924 -0.102101 -0.0424124 1.00924 -0.110547 0.00170086
2459839.928200 1.01 -0.0943437 -0.0390406 1.01 -0.102088 0.00170872
2459840.421267 1.01069 -0.0865796 -0.0356664 1.01069 -0.0936225 0.00171607
2459840.924860 1.01132 -0.0786433 -0.032218 1.01132 -0.0849694 0.00172303
2459841.417927 1.01187 -0.0708672 -0.0288398 1.01187 -0.0764912 0.00172932
2459841.910994 1.01234 -0.063086 -0.02546 1.01234 -0.0680077 0.00173509
2459842.414588 1.01275 -0.055134 -0.0220065 1.01275 -0.0593381 0.00174043
2459842.907655 1.01308 -0.0473441 -0.0186241 1.01308 -0.0508456 0.00174513
2459843.400722 1.01334 -0.0395508 -0.0152407 1.01334 -0.0423496 0.00174929
2459843.904316 1.01352 -0.0315881 -0.0117844 1.01352 -0.0336691 0.001753
2459844.397383 1.01363 -0.0237894 -0.00839993 1.01363 -0.0251677 0.00175609
2459844.890450 1.01367 -0.0159889 -0.00501522 1.01367 -0.0166645 0.00175865
2459845.394044 1.01364 -0.00802061 -0.00155829 1.01364 -0.00797862 0.00176071
2459845.887111 1.01353 -0.000218136 0.0018261 1.01353 0.000526243 0.00176218
2459846.380178 1.01335 0.0075845 0.00520997 1.01335 0.00903105 0.00176312
2459846.883771 1.01309 0.0155533 0.00866531 1.01309 0.0177167 0.00176352
2459847.376838 1.01277 0.0233546 0.0120474 1.01277 0.0262196 0.00176338
2459847.869906 1.01237 0.0311544 0.0154283 1.01237 0.0347206 0.00176269
2459848.373499 1.01189 0.0391185 0.0188798 1.01189 0.0434005 0.00176144
2459848.866566 1.01135 0.0469136 0.0222575 1.01135 0.0518959 0.00175967
2459849.359633 1.01073 0.0547055 0.0256331 1.01073 0.0603876 0.00175737
2459849.863227 1.01003 0.0626599 0.0290786 1.01003 0.0690561 0.00175446
2459850.356294 1.00927 0.0704437 0.0324496 1.00927 0.0775385 0.00175107
2459850.849361 1.00844 0.0782227 0.035818 1.00844 0.0860155 0.00174715
2459851.352955 1.00751 0.0861622 0.0392552 1.00751 0.0946671 0.0017426
2459851.846022 1.00653 0.0939297 0.0426174 1.00653 0.103131 0.0017376
2459852.339089 1.00548 0.101691 0.0459762 1.00548 0.111588 0.00173208
2459852.842682 1.00433 0.10961 0.0494029 1.00433 0.120217 0.00172589
2459853.335750 1.00314 0.117356 0.0527541 1.00314 0.128657 0.0017193
2459853.828817 1.00187 0.125094 0.0561012 1.00187 0.137088 0.00171218
2459854.332410 1.0005 0.132989 0.0595152 1.0005 0.145688 0.00170437
2459854.825477 0.999085 0.140708 0.0628533 0.999085 0.154099 0.0016962
2459855.318544 0.997599 0.148418 0.0661865 0.997599 0.162499 0.00168751
2459855.822138 0.996009 0.156282 0.0695857 0.996009 0.171066 0.0016781
2459856.315205 0.994379 0.163971 0.0729084 0.994379 0.179441 0.00166838
2459856.808272 0.992678 0.171648 0.0762256 0.992678 0.187804 0.00165814
2459857.311866 0.990867 0.179476 0.0796076 0.990867 0.196332 0.00164716
2459857.804933 0.989022 0.187128 0.0829129 0.989022 0.204667 0.0016359
2459858.298000 0.987105 0.194767 0.0862119 0.987105 0.212988 0.00162414
2459858.801594 0.985075 0.202554 0.0895746 0.985075 0.221471 0.00161161
2459859.294661 0.983015 0.210165 0.0928603 0.983015 0.22976 0.00159885
2459859.787728 0.980884 0.217761 0.0961389 0.980884 0.238033 0.0015856
2459860.291321 0.978635 0.225503 0.0994802 0.978635 0.246465 0.00157157
2459860.784388 0.976362 0.233067 0.102744 0.976362 0.254704 0.00155734
2459861.277456 0.974018 0.240614 0.106 0.974018 0.262924 0.00154264
2459861.781049 0.971552 0.248305 0.109318 0.971552 0.2713 0.00152714
2459862.274116 0.969066 0.255818 0.112558 0.969066 0.279481 0.00151148
2459862.767183 0.966511 0.263312 0.11579 0.966511 0.287643 0.00149536
2459863.270777 0.963828 0.270947 0.119081 0.963828 0.295957 0.00147843
2459863.763844 0.961132 0.278403 0.122295 0.961132 0.304076 0.00146139
2459864.256911 0.958366 0.285839 0.1255 0.958366 0.312174 0.0014439
2459864.760505 0.955469 0.293413 0.128764 0.955469 0.320421 0.00142558
2459865.253572 0.952563 0.300808 0.13195 0.952563 0.328473 0.00140721
2459865.746639 0.949589 0.308181 0.135126 0.949589 0.336501 0.0013884
2459866.250232 0.946479 0.315689 0.13836 0.946479 0.344676 0.00136874
2459866.743300 0.943366 0.323017 0.141516 0.943366 0.352654 0.00134908
2459867.236367 0.940184 0.330323 0.144661 0.940184 0.360608 0.001329
2459867.739960 0.936863 0.33776 0.147862 0.936863 0.368705 0.00130807
2459868.233027 0.933544 0.345017 0.150986 0.933544 0.376605 0.00128716
2459868.726094 0.930156 0.352249 0.154098 0.930156 0.384479 0.00126587
2459869.229688 0.926627 0.35961 0.157265 0.926627 0.392492 0.00124371
2459869.722755 0.923103 0.36679 0.160355 0.923103 0.400309 0.00122163
2459870.215822 0.919513 0.373945 0.163432 0.919513 0.408097 0.00119918
2459870.719416 0.915776 0.381225 0.166563 0.915776 0.416022 0.00117586
2459871.212483 0.912051 0.388324 0.169615 0.912051 0.42375 0.00115267
2459871.705550 0.908259 0.395396 0.172656 0.908259 0.431448 0.00112912
2459872.209144 0.904318 0.40259 0.175748 0.904318 0.439278 0.0011047
2459872.702211 0.900393 0.409604 0.178763 0.900393 0.446912 0.00108045
2459873.195278 0.896402 0.416589 0.181764 0.896402 0.454514 0.00105587
2459873.698871 0.892258 0.423692 0.184816 0.892258 0.462245 0.00103042
2459874.191938 0.888136 0.430615 0.18779 0.888136 0.46978 0.00100519
2459874.685006 0.883948 0.437508 0.19075 0.883948 0.477282 0.000979639
2459875.188599 0.879605 0.444515 0.19376 0.879605 0.484907 0.000953232
2459875.681666 0.875287 0.451343 0.196692 0.875287 0.492339 0.000927078
2459876.174733 0.870906 0.458139 0.199609 0.870906 0.499734 0.000900636
2459876.678327 0.866365 0.465045 0.202574 0.866365 0.50725 0.000873341
2459877.171394 0.861856 0.471774 0.205461 0.861856 0.514572 0.000846341
2459877.664461 0.857283 0.478468 0.208334 0.857283 0.521856 0.000819077
2459878.168055 0.852548 0.485269 0.211252 0.852548 0.529257 0.000790968
2459878.661122 0.847849 0.491893 0.214094 0.847849 0.536465 0.000763196
2459879.154189 0.843088 0.498482 0.216919 0.843088 0.543633 0.000735186
2459987.411250 -0.791837 0.557076 0.241946 -0.791837 0.607348 0.000389351
2459987.904317 -0.797152 0.550763 0.239242 -0.797152 0.60048 0.000419538
2459988.407910 -0.802519 0.544272 0.236461 -0.802519 0.593418 0.00045023
2459988.900977 -0.807713 0.537875 0.233721 -0.807713 0.58646 0.000480135
2459989.394044 -0.812847 0.531438 0.230962 -0.812847 0.579456 0.000509887
2459989.897638 -0.818027 0.524822 0.228127 -0.818027 0.572259 0.000540107
2459990.390705 -0.823038 0.518305 0.225333 -0.823038 0.565168 0.000569522
2459990.883772 -0.827987 0.511748 0.222522 -0.827987 0.558034 0.000598758
2459991.387366 -0.832977 0.505012 0.219634 -0.832977 0.550705 0.000628422
2459991.880433 -0.837801 0.498378 0.21679 -0.837801 0.543487 0.000657266
2459992.373500 -0.842562 0.491707 0.213929 -0.842562 0.536228 0.000685904
2459992.877094 -0.84736 0.484855 0.21099 -0.84736 0.528773 0.000714931
2459993.370161 -0.851994 0.47811 0.208096 -0.851994 0.521433 0.000743126
2459993.863228 -0.856564 0.471328 0.205186 -0.856564 0.514054 0.000771088
2459994.366821 -0.861166 0.464366 0.202198 -0.861166 0.506477 0.000799398
2459994.859888 -0.865607 0.457513 0.199257 -0.865607 0.49902 0.000826865
2459995.352956 -0.869983 0.450627 0.196301 -0.869983 0.491526 0.000854074
2459995.856549 -0.874386 0.443558 0.193267 -0.874386 0.483834 0.000881589
2459996.349616 -0.878631 0.436604 0.190281 -0.878631 0.476265 0.000908253
2459996.842683 -0.882811 0.429617 0.18728 -0.882811 0.468661 0.000934634
2459997.346277 -0.887012 0.422447 0.184201 -0.887012 0.460859 0.000961279
2459997.839344 -0.891059 0.415395 0.181172 -0.891059 0.453184 0.000987067
2459998.332411 -0.895039 0.408313 0.178129 -0.895039 0.445475 0.00101255
2459998.836005 -0.899036 0.401047 0.175007 -0.899036 0.437567 0.00103825
2459999.329072 -0.902882 0.393903 0.171937 -0.902882 0.429792 0.00106309
2459999.822139 -0.90666 0.38673 0.168853 -0.90666 0.421984 0.0010876
2460000.325732 -0.91045 0.379374 0.165691 -0.91045 0.413976 0.00111229
2460000.818800 -0.914093 0.372142 0.162582 -0.914093 0.406105 0.00113611
2460001.311867 -0.917667 0.364883 0.15946 -0.917667 0.398204 0.00115959
2460001.815460 -0.921248 0.357441 0.156259 -0.921248 0.390102 0.00118319
2460002.308527 -0.924685 0.350128 0.153113 -0.924685 0.382141 0.00120594
2460002.801594 -0.928053 0.342788 0.149956 -0.928053 0.374151 0.00122831
2460003.305188 -0.931422 0.335266 0.146719 -0.931422 0.365962 0.00125077
2460003.798255 -0.934651 0.327875 0.143538 -0.934651 0.357916 0.00127237
2460004.291322 -0.937811 0.32046 0.140346 -0.937811 0.349843 0.00129358
2460004.794916 -0.940966 0.312862 0.137075 -0.940966 0.341571 0.00131484
2460005.287983 -0.943986 0.305399 0.133862 -0.943986 0.333446 0.00133524
2460005.781050 -0.946935 0.297914 0.130639 -0.946935 0.325296 0.00135522
2460006.284644 -0.949875 0.290246 0.127336 -0.949875 0.316947 0.00137521
2460006.777711 -0.952683 0.282717 0.124092 -0.952683 0.308748 0.00139435
2460007.270778 -0.955421 0.275166 0.120839 -0.955421 0.300527 0.00141307
2460007.774371 -0.958144 0.267433 0.117507 -0.958144 0.292107 0.00143173
2460008.267438 -0.960738 0.259842 0.114235 -0.960738 0.283841 0.00144956
2460008.760506 -0.963262 0.252232 0.110955 -0.963262 0.275553 0.00146695
2460009.264099 -0.965766 0.24444 0.107595 -0.965766 0.267068 0.00148425
2460009.757166 -0.968146 0.236792 0.104298 -0.968146 0.25874 0.00150072
2460010.250233 -0.970455 0.229127 0.100992 -0.970455 0.250392 0.00151673
2460010.753827 -0.972739 0.221281 0.0976074 -0.972739 0.241847 0.00153261
2460011.246894 -0.974903 0.213582 0.0942861 -0.974903 0.233463 0.00154768
2460011.739961 -0.976995 0.205868 0.0909574 -0.976995 0.225061 0.00156228
2460012.243555 -0.979058 0.197973 0.0875503 -0.979058 0.216462 0.00157669
2460012.736622 -0.981005 0.190229 0.0842075 -0.981005 0.208027 0.00159032
2460013.229689 -0.982879 0.18247 0.0808581 -0.982879 0.199577 0.00160346
2460013.733282 -0.984719 0.174532 0.0774307 -0.984719 0.19093 0.00161637
2460014.226350 -0.986448 0.166747 0.0740687 -0.986448 0.18245 0.00162851
2460014.719417 -0.988104 0.15895 0.0707009 -0.988104 0.173957 0.00164016
2460015.223010 -0.98972 0.150974 0.0672554 -0.98972 0.165269 0.00165154
2460015.716077 -0.99123 0.143154 0.0638765 -0.99123 0.15675 0.00166217
2460016.209144 -0.992666 0.135323 0.0604925 -0.992666 0.148219 0.00167229
2460016.712738 -0.994058 0.127315 0.0570313 -0.994058 0.139495 0.0016821
2460017.205805 -0.995348 0.119465 0.0536378 -0.995348 0.130943 0.00169119
2460017.698872 -0.996564 0.111607 0.05024 -0.996564 0.122381 0.00169976
2460018.202466 -0.997731 0.103572 0.0467654 -0.997731 0.113627 0.00170798
2460018.695533 -0.9988 0.0956973 0.0433596 -0.9988 0.105048 0.0017155
2460019.188600 -0.999796 0.0878158 0.0399502 -0.999796 0.0964607 0.0017225
2460019.692194 -1.00074 0.0797596 0.0364646 -1.00074 0.0876828 0.00172911
2460020.185261 -1.00159 0.0718659 0.0330488 -1.00159 0.0790818 0.00173504
2460020.678328 -1.00236 0.0639671 0.0296301 -1.00236 0.0704749 0.00174044
2460021.181921 -1.00308 0.055895 0.0261358 -1.00308 0.0616789 0.00174542
2460021.674988 -1.0037 0.0479875 0.0227123 -1.0037 0.0530621 0.00174975
2460022.168056 -1.00426 0.0400767 0.0192866 -1.00426 0.0444414 0.00175355
2460022.671649 -1.00474 0.0319941 0.015786 -1.00474 0.0356333 0.00175688
2460023.164716 -1.00515 0.0240782 0.012357 -1.00515 0.0270067 0.00175959
2460023.657783 -1.00548 0.0161607 0.00892675 -1.00548 0.018378 0.00176178
2460024.161377 -1.00575 0.00807312 0.00542218 -1.00575 0.00956376 0.00176345
2460024.654444 -1.00593 0.000154126 0.00199008 -1.00593 0.000933014 0.00176455
2460025.147511 -1.00604 -0.00776472 -0.00144255 -1.00604 -0.0076978 0.00176511
2460025.651105 -1.00608 -0.0158519 -0.00494873 -1.00608 -0.0165123 0.00176513
2460026.144172 -1.00604 -0.0237686 -0.00838164 -1.00604 -0.0251413 0.00176461
2460026.637239 -1.00593 -0.0316835 -0.0118143 -1.00593 -0.0337685 0.00176355
2460027.140832 -1.00574 -0.0397648 -0.0153197 -1.00574 -0.0425773 0.00176191
2460027.633900 -1.00548 -0.047674 -0.0187512 -1.00548 -0.0511988 0.00175977
2460028.126967 -1.00515 -0.0555796 -0.0221816 -1.00515 -0.0598166 0.00175709
2460028.630560 -1.00474 -0.0636495 -0.0256839 -1.00474 -0.0686138 0.0017538
2460029.123627 -1.00426 -0.0715459 -0.0291115 -1.00426 -0.077222 0.00175005
2460029.616694 -1.00371 -0.079437 -0.0325373 -1.00371 -0.0858246 0.00174576
2460030.120288 -1.00307 -0.0874902 -0.0360342 -1.00307 -0.0946043 0.00174083
2460030.613355 -1.00237 -0.0953686 -0.0394558 -1.00237 -0.103194 0.00173547
2460031.106422 -1.0016 -0.10324 -0.0428747 -1.0016 -0.111775 0.00172959
2460031.610016 -1.00073 -0.111271 -0.0463638 -1.00073 -0.120532 0.00172304
2460032.103083 -0.999817 -0.119126 -0.049777 -0.999817 -0.129096 0.00171609
2460032.596150 -0.998827 -0.126972 -0.0531868 -0.998827 -0.137651 0.00170863
2460033.099744 -0.997741 -0.134976 -0.0566658 -0.997741 -0.146378 0.00170047
2460033.592811 -0.996605 -0.142802 -0.0600683 -0.996605 -0.154912 0.00169196
2460034.085878 -0.995396 -0.150618 -0.0634667 -0.995396 -0.163435 0.00168294
2460034.589471 -0.994088 -0.15859 -0.0669332 -0.994088 -0.172128 0.0016732
2460035.082538 -0.992735 -0.166382 -0.0703228 -0.992735 -0.180626 0.00166315
2460035.575606 -0.99131 -0.174163 -0.0737075 -0.99131 -0.18911 0.0016526
2460036.079199 -0.989781 -0.182096 -0.0771593 -0.989781 -0.197762 0.0016413
2460036.572266 -0.988211 -0.18985 -0.0805336 -0.988211 -0.206218 0.00162974
2460037.065333 -0.98657 -0.19759 -0.0839024 -0.98657 -0.21466 0.00161768
2460037.568927 -0.984821 -0.20548 -0.0873372 -0.984821 -0.223265 0.00160487
2460038.061994 -0.983037 -0.21319 -0.0906941 -0.983037 -0.231674 0.00159183
2460038.555061 -0.981182 -0.220884 -0.0940447 -0.981182 -0.240066 0.00157831
2460039.058655 -0.979215 -0.228726 -0.0974601 -0.979215 -0.248619 0.001564
2460039.551722 -0.977217 -0.236387 -0.100797 -0.977217 -0.256976 0.00154952
2460040.044789 -0.975149 -0.24403 -0.104128 -0.975149 -0.265313 0.00153457
2460040.548382 -0.972965 -0.251819 -0.107521 -0.972965 -0.273809 0.00151882
2460041.041450 -0.970756 -0.259426 -0.110837 -0.970756 -0.282107 0.00150294
2460041.534517 -0.968477 -0.267014 -0.114144 -0.968477 -0.290384 0.0014866
2460042.038110 -0.966078 -0.274744 -0.117514 -0.966078 -0.298817 0.00146946
2460042.531177 -0.963658 -0.282292 -0.120805 -0.963658 -0.307051 0.00145222
2460043.024244 -0.96117 -0.289819 -0.124088 -0.96117 -0.315263 0.00143454
2460043.527838 -0.958557 -0.297485 -0.127432 -0.958557 -0.323627 0.00141604
2460044.020905 -0.95593 -0.304969 -0.130697 -0.95593 -0.331792 0.0013975
2460044.513972 -0.953234 -0.312431 -0.133953 -0.953234 -0.339933 0.00137853
2460045.017566 -0.95041 -0.320029 -0.137269 -0.95041 -0.348223 0.00135873
2460045.510633 -0.947577 -0.327444 -0.140505 -0.947577 -0.356314 0.00133893
2460046.003700 -0.944675 -0.334836 -0.143732 -0.944675 -0.364379 0.00131873
2460046.507294 -0.941642 -0.34236 -0.147017 -0.941642 -0.372589 0.00129769
2460047.000361 -0.938605 -0.349702 -0.150223 -0.938605 -0.380601 0.00127669
2460047.493428 -0.9355 -0.357019 -0.153418 -0.9355 -0.388585 0.00125531
2460047.997021 -0.93226 -0.364465 -0.156671 -0.93226 -0.39671 0.00123308
2460048.490088 -0.929021 -0.371729 -0.159844 -0.929021 -0.404637 0.00121095
2460048.983156 -0.925715 -0.378966 -0.163006 -0.925715 -0.412534 0.00118845
2460049.486749 -0.92227 -0.386329 -0.166224 -0.92227 -0.42057 0.0011651
2460049.979816 -0.918831 -0.393509 -0.169363 -0.918831 -0.428406 0.00114188
2460050.472883 -0.915327 -0.400662 -0.172489 -0.915327 -0.436212 0.00111833
2460050.976477 -0.911681 -0.407937 -0.17567 -0.911681 -0.444153 0.00109393
2460051.469544 -0.908045 -0.415031 -0.178772 -0.908045 -0.451895 0.0010697
2460051.962611 -0.904344 -0.422094 -0.181861 -0.904344 -0.459604 0.00104516
2460052.466205 -0.900498 -0.429277 -0.185003 -0.900498 -0.467444 0.00101976
2460052.959272 -0.896668 -0.436279 -0.188066 -0.896668 -0.475086 0.000994597
2460053.452339 -0.892774 -0.443249 -0.191115 -0.892774 -0.482694 0.000969132
2460053.955932 -0.888731 -0.450335 -0.194216 -0.888731 -0.490429 0.000942825
2460054.449000 -0.88471 -0.45724 -0.197238 -0.88471 -0.497966 0.000916785
2460054.942067 -0.880625 -0.464112 -0.200246 -0.880625 -0.505468 0.000890471
2460055.445660 -0.876389 -0.471096 -0.203304 -0.876389 -0.513092 0.000863323
2460055.938727 -0.872178 -0.477901 -0.206284 -0.872178 -0.52052 0.000836483
2460056.431794 -0.867905 -0.484671 -0.209248 -0.867905 -0.527911 0.000809395
2460056.935388 -0.863478 -0.49155 -0.212261 -0.863478 -0.53542 0.000781481
2460057.428455 -0.859082 -0.498249 -0.215195 -0.859082 -0.542734 0.000753917
2460057.921522 -0.854624 -0.504912 -0.218115 -0.854624 -0.550009 0.000726131
2460058.425116 -0.850009 -0.511681 -0.22108 -0.850009 -0.557399 0.00069753
2460058.918183 -0.84543 -0.518271 -0.223968 -0.84543 -0.564594 0.000669319
